TXT
MeshData
	maxDiffuseMipLevel 0
	hasValidTangents TRUE
	BoundingRadius 622.261353
	MaxBoundingExtents [ 621.065613 622.255066 610.842224 ]
	MinBoundingExtents [ -621.065613 -622.255066 -621.113770 ]
	NumMaterials 1
	Material
		DiffuseTextureFileName "artemis_diffuse.dds"
		SelfIlluminationTextureFileName "artemis_data.dds"
		NormalTextureFileName "artemis_bump.dds"
		DisplacementTextureFileName ""
		TeamColorTextureFileName ""
		Diffuse ffffffff
		Ambient ffffffff
		Specular ffffffff
		Emissive ffffffff
		Glossiness 50.000000
	NumPoints 45
	Point
		DataString "Center"
		Position [ 0.000000 0.000000 0.000000 ]
		Orientation
			 [ 1.000000 0.000000 -0.000000 ]
			 [ 0.000000 1.000000 -0.000000 ]
			 [ -0.000000 -0.000000 1.000000 ]
	Point
		DataString "Above"
		Position [ 0.000000 100.000000 0.000000 ]
		Orientation
			 [ 1.000000 0.000000 -0.000000 ]
			 [ 0.000000 1.000000 -0.000000 ]
			 [ -0.000000 -0.000000 1.000000 ]
	Point
		DataString "Aura"
		Position [ 0.000000 -100.000000 0.000000 ]
		Orientation
			 [ 1.000000 0.000000 -0.000000 ]
			 [ 0.000000 1.000000 -0.000000 ]
			 [ -0.000000 -0.000000 1.000000 ]
	Point
		DataString "Weapon-1"
		Position [ 424.263947 0.000000 -424.264008 ]
		Orientation
			 [ -0.707107 0.000000 -0.707107 ]
			 [ 0.000000 1.000000 -0.000000 ]
			 [ 0.707107 -0.000000 -0.707107 ]
	Point
		DataString "Weapon-1"
		Position [ 498.881622 0.000000 -333.342102 ]
		Orientation
			 [ -0.555570 0.000000 -0.831470 ]
			 [ 0.000000 1.000000 -0.000000 ]
			 [ 0.831470 -0.000000 -0.555570 ]
	Point
		DataString "Weapon-1"
		Position [ 554.327576 0.000000 -229.610062 ]
		Orientation
			 [ -0.382683 0.000000 -0.923880 ]
			 [ 0.000000 1.000000 -0.000000 ]
			 [ 0.923880 -0.000000 -0.382683 ]
	Point
		DataString "Weapon-1"
		Position [ 588.471008 0.000000 -117.054237 ]
		Orientation
			 [ -0.195090 0.000000 -0.980785 ]
			 [ 0.000000 1.000000 -0.000000 ]
			 [ 0.980785 -0.000000 -0.195090 ]
	Point
		DataString "Weapon-1"
		Position [ 599.999878 0.000000 -0.000067 ]
		Orientation
			 [ -0.000000 0.000000 -1.000000 ]
			 [ 0.000000 1.000000 -0.000000 ]
			 [ 1.000000 -0.000000 -0.000000 ]
	Point
		DataString "Weapon-1"
		Position [ 554.327637 0.000000 229.609970 ]
		Orientation
			 [ 0.382683 0.000000 -0.923880 ]
			 [ 0.000000 1.000000 -0.000000 ]
			 [ 0.923880 -0.000000 0.382683 ]
	Point
		DataString "Weapon-1"
		Position [ 498.881714 0.000000 333.342072 ]
		Orientation
			 [ 0.555570 0.000000 -0.831470 ]
			 [ 0.000000 1.000000 -0.000000 ]
			 [ 0.831470 -0.000000 0.555570 ]
	Point
		DataString "Weapon-1"
		Position [ 424.264038 0.000000 424.264008 ]
		Orientation
			 [ 0.707107 0.000000 -0.707107 ]
			 [ 0.000000 1.000000 -0.000000 ]
			 [ 0.707107 -0.000000 0.707107 ]
	Point
		DataString "Weapon-1"
		Position [ 333.342133 0.000000 498.881714 ]
		Orientation
			 [ 0.831470 0.000000 -0.555570 ]
			 [ 0.000000 1.000000 -0.000000 ]
			 [ 0.555570 -0.000000 0.831470 ]
	Point
		DataString "Weapon-1"
		Position [ 229.610092 0.000000 554.327698 ]
		Orientation
			 [ 0.923880 0.000000 -0.382683 ]
			 [ 0.000000 1.000000 -0.000000 ]
			 [ 0.382683 -0.000000 0.923880 ]
	Point
		DataString "Weapon-1"
		Position [ 229.609970 0.000000 -554.327515 ]
		Orientation
			 [ -0.923879 0.000000 -0.382684 ]
			 [ 0.000000 1.000000 -0.000000 ]
			 [ 0.382684 -0.000000 -0.923879 ]
	Point
		DataString "Weapon-1"
		Position [ 117.054146 0.000000 -588.470947 ]
		Orientation
			 [ -0.980785 0.000000 -0.195091 ]
			 [ 0.000000 1.000000 -0.000000 ]
			 [ 0.195091 -0.000000 -0.980785 ]
	Point
		DataString "Weapon-1"
		Position [ -0.000014 0.000000 -599.999817 ]
		Orientation
			 [ -1.000000 0.000000 -0.000000 ]
			 [ 0.000000 1.000000 -0.000000 ]
			 [ 0.000000 -0.000000 -1.000000 ]
	Point
		DataString "Weapon-1"
		Position [ -117.054184 0.000000 -588.471008 ]
		Orientation
			 [ -0.980785 0.000000 0.195090 ]
			 [ 0.000000 1.000000 -0.000000 ]
			 [ -0.195090 -0.000000 -0.980785 ]
	Point
		DataString "Ability-1"
		Position [ -319.737061 -459.626587 215.665375 ]
		Orientation
			 [ 0.559193 0.000000 0.829038 ]
			 [ 0.635080 0.642788 -0.428367 ]
			 [ -0.532895 0.766044 0.359442 ]
	Point
		DataString "Weapon-1"
		Position [ -229.610016 0.000000 -554.327576 ]
		Orientation
			 [ -0.923880 0.000000 0.382683 ]
			 [ 0.000000 1.000000 -0.000000 ]
			 [ -0.382683 -0.000000 -0.923880 ]
	Point
		DataString "Ability-1"
		Position [ -360.056366 -459.626617 -138.212677 ]
		Orientation
			 [ -0.358368 -0.000000 0.933581 ]
			 [ 0.715164 0.642787 0.274526 ]
			 [ -0.600094 0.766045 -0.230354 ]
	Point
		DataString "Weapon-1"
		Position [ -424.264008 0.000000 -424.263947 ]
		Orientation
			 [ -0.707107 0.000000 0.707107 ]
			 [ 0.000000 1.000000 -0.000000 ]
			 [ -0.707107 -0.000000 -0.707107 ]
	Point
		DataString "Ability-1"
		Position [ 73.589790 -459.626587 -378.586731 ]
		Orientation
			 [ -0.981627 0.000000 -0.190808 ]
			 [ -0.146167 0.642788 0.751970 ]
			 [ 0.122649 0.766044 -0.630978 ]
	Point
		DataString "Weapon-1"
		Position [ -498.881683 0.000000 -333.342041 ]
		Orientation
			 [ -0.555570 0.000000 0.831470 ]
			 [ 0.000000 1.000000 -0.000000 ]
			 [ -0.831470 -0.000000 -0.555570 ]
	Point
		DataString "Ability-1"
		Position [ 355.013489 -459.626617 -150.694305 ]
		Orientation
			 [ -0.390732 -0.000000 -0.920504 ]
			 [ -0.705147 0.642788 0.299318 ]
			 [ 0.591689 0.766044 -0.251158 ]
	Point
		DataString "Weapon-1"
		Position [ -554.327576 0.000000 -229.609970 ]
		Orientation
			 [ -0.382683 0.000000 0.923880 ]
			 [ 0.000000 1.000000 -0.000000 ]
			 [ -0.923880 -0.000000 -0.382683 ]
	Point
		DataString "Ability-1"
		Position [ 315.924530 -459.626617 221.212677 ]
		Orientation
			 [ 0.573577 -0.000000 -0.819152 ]
			 [ -0.627507 0.642788 -0.439385 ]
			 [ 0.526541 0.766044 0.368688 ]
	Point
		DataString "Weapon-1"
		Position [ -588.471008 0.000000 -117.054131 ]
		Orientation
			 [ -0.195090 0.000000 0.980785 ]
			 [ 0.000000 1.000000 -0.000000 ]
			 [ -0.980785 -0.000000 -0.195090 ]
	Point
		DataString "Ability-1"
		Position [ 0.000034 -459.626709 385.672546 ]
		Orientation
			 [ 1.000000 0.000000 -0.000000 ]
			 [ 0.000000 0.642787 -0.766045 ]
			 [ -0.000000 0.766045 0.642787 ]
	Point
		DataString "Weapon-1"
		Position [ -599.999878 0.000000 0.000037 ]
		Orientation
			 [ -0.000000 0.000000 1.000000 ]
			 [ 0.000000 1.000000 -0.000000 ]
			 [ -1.000000 -0.000000 -0.000000 ]
	Point
		DataString "Ability-1"
		Position [ -329.871307 485.715393 214.220734 ]
		Orientation
			 [ -0.544639 0.000000 -0.838670 ]
			 [ 0.651769 -0.629320 -0.423264 ]
			 [ -0.527792 -0.777146 0.342753 ]
	Point
		DataString "Weapon-1"
		Position [ -554.327637 0.000000 229.610062 ]
		Orientation
			 [ 0.382683 0.000000 0.923880 ]
			 [ 0.000000 1.000000 -0.000000 ]
			 [ -0.923880 -0.000000 0.382683 ]
	Point
		DataString "Ability-1"
		Position [ -362.058655 485.715393 -153.684967 ]
		Orientation
			 [ 0.390732 0.000000 -0.920505 ]
			 [ 0.715366 -0.629321 0.303655 ]
			 [ -0.579292 -0.777146 -0.245895 ]
	Point
		DataString "Weapon-1"
		Position [ -498.881653 0.000000 333.342133 ]
		Orientation
			 [ 0.555570 0.000000 0.831470 ]
			 [ 0.000000 1.000000 -0.000000 ]
			 [ -0.831470 -0.000000 0.555570 ]
	Point
		DataString "Weapon-0"
		Position [ 326.783417 0.000061 -503.202301 ]
		Orientation
			 [ -0.831470 0.000000 -0.555570 ]
			 [ 0.000000 1.000000 -0.000000 ]
			 [ 0.555570 -0.000000 -0.831470 ]
	Point
		DataString "Ability-1"
		Position [ 81.777199 485.715698 -384.730835 ]
		Orientation
			 [ 0.978148 0.000000 0.207912 ]
			 [ -0.161578 -0.629321 0.760163 ]
			 [ 0.130843 -0.777146 -0.615569 ]
	Point
		DataString "Weapon-1"
		Position [ -424.263977 0.000000 424.264069 ]
		Orientation
			 [ 0.707107 0.000000 0.707107 ]
			 [ 0.000000 1.000000 -0.000000 ]
			 [ -0.707107 -0.000000 0.707107 ]
	Point
		DataString "Weapon-0"
		Position [ -588.976257 0.000031 114.485146 ]
		Orientation
			 [ 0.195090 0.000000 0.980785 ]
			 [ -0.000000 1.000000 -0.000000 ]
			 [ -0.980785 -0.000000 0.195090 ]
	Point
		DataString "Ability-1"
		Position [ 364.685364 485.715759 -147.342499 ]
		Orientation
			 [ 0.374607 0.000000 0.927184 ]
			 [ -0.720557 -0.629320 0.291125 ]
			 [ 0.583496 -0.777146 -0.235748 ]
	Point
		DataString "Weapon-1"
		Position [ -333.342072 0.000000 498.881775 ]
		Orientation
			 [ 0.831470 0.000000 0.555570 ]
			 [ 0.000000 1.000000 -0.000000 ]
			 [ -0.555570 -0.000000 0.831470 ]
	Point
		DataString "Weapon-0"
		Position [ 588.976257 0.000031 114.485428 ]
		Orientation
			 [ 0.195090 0.000000 -0.980785 ]
			 [ 0.000000 1.000000 -0.000000 ]
			 [ 0.980785 -0.000000 0.195090 ]
	Point
		DataString "Ability-1"
		Position [ 329.870392 485.716125 214.220306 ]
		Orientation
			 [ -0.544639 0.000000 0.838671 ]
			 [ -0.651769 -0.629321 -0.423264 ]
			 [ 0.527793 -0.777146 0.342753 ]
	Point
		DataString "Weapon-1"
		Position [ -229.610001 0.000000 554.327698 ]
		Orientation
			 [ 0.923880 0.000000 0.382683 ]
			 [ 0.000000 1.000000 -0.000000 ]
			 [ -0.382683 -0.000000 0.923880 ]
	Point
		DataString "Weapon-0"
		Position [ -335.515778 0.000061 -497.422424 ]
		Orientation
			 [ -0.707107 -0.000000 0.707107 ]
			 [ -0.000000 1.000000 -0.000000 ]
			 [ -0.707107 -0.000000 -0.707107 ]
	Point
		DataString "Ability-1"
		Position [ 0.000071 485.716095 393.325317 ]
		Orientation
			 [ -1.000000 0.000000 0.000000 ]
			 [ -0.000000 -0.629321 -0.777146 ]
			 [ 0.000000 -0.777146 0.629321 ]
	Point
		DataString "Ability-0"
		Position [ 0.000051 0.000000 587.500000 ]
		Orientation
			 [ 1.000000 0.000000 -0.000000 ]
			 [ 0.000000 1.000000 -0.000000 ]
			 [ -0.000000 -0.000000 1.000000 ]
	NumVertices 2245
	Vertex
		Position [ -121.397156 610.298584 -2.732938 ]
		Normal [ -0.200969 0.979588 -0.004386 ]
		Tangent [ -0.980789 -0.195068 0.001514 ]
		Color 0
		U0 0.711806
		V0 0.528576
		U1 0.000000
		V1 0.000000
	Vertex
		Position [ -0.000000 622.255066 -2.786490 ]
		Normal [ -0.000000 0.999990 -0.004478 ]
		Tangent [ -1.000000 0.000000 0.000000 ]
		Color 0
		U0 0.662588
		V0 0.528592
		U1 0.000000
		V1 0.000000
	Vertex
		Position [ -119.064545 610.404663 20.950233 ]
		Normal [ -0.197107 0.979763 0.034819 ]
		Tangent [ -0.977375 -0.211508 0.001638 ]
		Color 0
		U0 0.710860
		V0 0.538175
		U1 0.000000
		V1 0.000000
	Vertex
		Position [ -112.156342 610.506653 43.723278 ]
		Normal [ -0.185671 0.979932 0.072521 ]
		Tangent [ -0.979617 -0.200867 0.001566 ]
		Color 0
		U0 0.708060
		V0 0.547406
		U1 0.000000
		V1 0.000000
	Vertex
		Position [ -100.938034 610.600586 64.711029 ]
		Normal [ -0.167099 0.980088 0.107265 ]
		Tangent [ -0.983171 -0.182680 0.001461 ]
		Color 0
		U0 0.703513
		V0 0.555913
		U1 0.000000
		V1 0.000000
	Vertex
		Position [ -85.840744 610.682983 83.106956 ]
		Normal [ -0.142107 0.980224 0.137718 ]
		Tangent [ -0.986653 -0.162831 0.001362 ]
		Color 0
		U0 0.697394
		V0 0.563370
		U1 0.000000
		V1 0.000000
	Vertex
		Position [ -67.444641 610.750610 98.204094 ]
		Normal [ -0.111653 0.980336 0.162711 ]
		Tangent [ -0.993210 -0.116330 0.001039 ]
		Color 0
		U0 0.689937
		V0 0.569490
		U1 0.000000
		V1 0.000000
	Vertex
		Position [ -46.456669 610.800842 109.422287 ]
		Normal [ -0.076908 0.980419 0.181282 ]
		Tangent [ -0.996924 -0.078377 0.000707 ]
		Color 0
		U0 0.681430
		V0 0.574037
		U1 0.000000
		V1 0.000000
	Vertex
		Position [ -23.683401 610.831787 116.330399 ]
		Normal [ -0.039207 0.980470 0.192719 ]
		Tangent [ -0.999313 -0.037050 0.000310 ]
		Color 0
		U0 0.672199
		V0 0.576837
		U1 0.000000
		V1 0.000000
	Vertex
		Position [ 0.000010 610.842224 118.662994 ]
		Normal [ 0.000000 0.980488 0.196580 ]
		Tangent [ -1.000000 0.000000 0.000000 ]
		Color 0
		U0 0.662599
		V0 0.577782
		U1 0.000000
		V1 0.000000
	Vertex
		Position [ 23.683420 610.831787 116.330399 ]
		Normal [ 0.039207 0.980470 0.192719 ]
		Tangent [ -0.999313 0.037050 -0.000310 ]
		Color 0
		U0 0.653000
		V0 0.576837
		U1 0.000000
		V1 0.000000
	Vertex
		Position [ 46.456692 610.800842 109.422272 ]
		Normal [ 0.076908 0.980419 0.181283 ]
		Tangent [ -0.996924 0.078377 -0.000707 ]
		Color 0
		U0 0.643769
		V0 0.574037
		U1 0.000000
		V1 0.000000
	Vertex
		Position [ 67.444656 610.750610 98.204079 ]
		Normal [ 0.111653 0.980336 0.162711 ]
		Tangent [ -0.993210 0.116330 -0.001039 ]
		Color 0
		U0 0.635261
		V0 0.569490
		U1 0.000000
		V1 0.000000
	Vertex
		Position [ 85.840759 610.682983 83.106941 ]
		Normal [ 0.142107 0.980224 0.137718 ]
		Tangent [ -0.986653 0.162831 -0.001362 ]
		Color 0
		U0 0.627805
		V0 0.563370
		U1 0.000000
		V1 0.000000
	Vertex
		Position [ 100.938049 610.600586 64.711014 ]
		Normal [ 0.167099 0.980088 0.107265 ]
		Tangent [ -0.983171 0.182680 -0.001461 ]
		Color 0
		U0 0.621685
		V0 0.555913
		U1 0.000000
		V1 0.000000
	Vertex
		Position [ 112.156357 610.506653 43.723255 ]
		Normal [ 0.185671 0.979932 0.072521 ]
		Tangent [ -0.979617 0.200867 -0.001566 ]
		Color 0
		U0 0.617138
		V0 0.547406
		U1 0.000000
		V1 0.000000
	Vertex
		Position [ 119.064545 610.404663 20.950214 ]
		Normal [ 0.197107 0.979763 0.034819 ]
		Tangent [ -0.977375 0.211508 -0.001638 ]
		Color 0
		U0 0.614338
		V0 0.538175
		U1 0.000000
		V1 0.000000
	Vertex
		Position [ 121.397156 610.298584 -2.732960 ]
		Normal [ 0.200969 0.979588 -0.004386 ]
		Tangent [ -0.980789 0.195068 -0.001514 ]
		Color 0
		U0 0.613392
		V0 0.528576
		U1 0.000000
		V1 0.000000
	Vertex
		Position [ 119.064545 610.192566 -26.416130 ]
		Normal [ 0.197107 0.979412 -0.043593 ]
		Tangent [ -0.977386 0.211459 -0.001645 ]
		Color 0
		U0 0.614338
		V0 0.518976
		U1 0.000000
		V1 0.000000
	Vertex
		Position [ 112.156342 610.090576 -49.189175 ]
		Normal [ 0.185671 0.979243 -0.081294 ]
		Tangent [ -0.979638 0.200767 -0.001559 ]
		Color 0
		U0 0.617138
		V0 0.509745
		U1 0.000000
		V1 0.000000
	Vertex
		Position [ 100.938034 609.996582 -70.176926 ]
		Normal [ 0.167099 0.979088 -0.116038 ]
		Tangent [ -0.983197 0.182544 -0.001382 ]
		Color 0
		U0 0.621685
		V0 0.501238
		U1 0.000000
		V1 0.000000
	Vertex
		Position [ 85.840744 609.914185 -88.572853 ]
		Normal [ 0.142107 0.978951 -0.146492 ]
		Tangent [ -0.986682 0.162655 -0.001195 ]
		Color 0
		U0 0.627804
		V0 0.493781
		U1 0.000000
		V1 0.000000
	Vertex
		Position [ 67.444641 609.846619 -103.669991 ]
		Normal [ 0.111652 0.978840 -0.171485 ]
		Tangent [ -0.993228 0.116180 -0.000823 ]
		Color 0
		U0 0.635261
		V0 0.487662
		U1 0.000000
		V1 0.000000
	Vertex
		Position [ 46.456669 609.796326 -114.888184 ]
		Normal [ 0.076907 0.978756 -0.190056 ]
		Tangent [ -0.996931 0.078280 -0.000476 ]
		Color 0
		U0 0.643768
		V0 0.483115
		U1 0.000000
		V1 0.000000
	Vertex
		Position [ 23.683399 609.765442 -121.796295 ]
		Normal [ 0.039207 0.978705 -0.201492 ]
		Tangent [ -0.999315 0.037009 -0.000216 ]
		Color 0
		U0 0.652999
		V0 0.480314
		U1 0.000000
		V1 0.000000
	Vertex
		Position [ -0.000011 609.754944 -124.128891 ]
		Normal [ -0.000000 0.978688 -0.205354 ]
		Tangent [ -0.999983 -0.005881 0.000023 ]
		Color 0
		U0 0.662599
		V0 0.479369
		U1 0.000000
		V1 0.000000
	Vertex
		Position [ -23.683422 609.765442 -121.796295 ]
		Normal [ -0.039207 0.978705 -0.201492 ]
		Tangent [ -0.999248 -0.038764 0.000216 ]
		Color 0
		U0 0.672198
		V0 0.480314
		U1 0.000000
		V1 0.000000
	Vertex
		Position [ -46.456692 609.796326 -114.888168 ]
		Normal [ -0.076907 0.978756 -0.190056 ]
		Tangent [ -0.996931 -0.078280 0.000476 ]
		Color 0
		U0 0.681429
		V0 0.483115
		U1 0.000000
		V1 0.000000
	Vertex
		Position [ -67.444656 609.846619 -103.669975 ]
		Normal [ -0.111652 0.978840 -0.171484 ]
		Tangent [ -0.993228 -0.116180 0.000823 ]
		Color 0
		U0 0.689936
		V0 0.487662
		U1 0.000000
		V1 0.000000
	Vertex
		Position [ -85.840759 609.914185 -88.572838 ]
		Normal [ -0.142107 0.978951 -0.146492 ]
		Tangent [ -0.986682 -0.162655 0.001195 ]
		Color 0
		U0 0.697393
		V0 0.493781
		U1 0.000000
		V1 0.000000
	Vertex
		Position [ -100.938049 609.996582 -70.176910 ]
		Normal [ -0.167099 0.979088 -0.116038 ]
		Tangent [ -0.983197 -0.182544 0.001382 ]
		Color 0
		U0 0.703513
		V0 0.501238
		U1 0.000000
		V1 0.000000
	Vertex
		Position [ -112.156357 610.090576 -49.189152 ]
		Normal [ -0.185671 0.979243 -0.081294 ]
		Tangent [ -0.979638 -0.200767 0.001559 ]
		Color 0
		U0 0.708060
		V0 0.509745
		U1 0.000000
		V1 0.000000
	Vertex
		Position [ -119.064545 610.192566 -26.416111 ]
		Normal [ -0.197107 0.979412 -0.043593 ]
		Tangent [ -0.977386 -0.211459 0.001645 ]
		Color 0
		U0 0.710860
		V0 0.518976
		U1 0.000000
		V1 0.000000
	Vertex
		Position [ -119.064545 -610.192566 26.416130 ]
		Normal [ -0.197107 -0.979412 0.043593 ]
		Tangent [ 0.981494 -0.191493 0.000116 ]
		Color 0
		U0 0.614586
		V0 0.853628
		U1 0.000000
		V1 0.000000
	Vertex
		Position [ 0.000000 -622.255066 2.786490 ]
		Normal [ 0.000000 -0.999990 0.004478 ]
		Tangent [ 1.000000 -0.000000 -0.000000 ]
		Color 0
		U0 0.662859
		V0 0.844047
		U1 0.000000
		V1 0.000000
	Vertex
		Position [ -121.397156 -610.298584 2.732960 ]
		Normal [ -0.200969 -0.979588 0.004386 ]
		Tangent [ 0.976755 -0.214358 0.000124 ]
		Color 0
		U0 0.613641
		V0 0.844028
		U1 0.000000
		V1 0.000000
	Vertex
		Position [ -112.156342 -610.090576 49.189175 ]
		Normal [ -0.185671 -0.979243 0.081294 ]
		Tangent [ 0.979615 -0.200883 0.000111 ]
		Color 0
		U0 0.617386
		V0 0.862858
		U1 0.000000
		V1 0.000000
	Vertex
		Position [ -100.938034 -609.996582 70.176926 ]
		Normal [ -0.167099 -0.979088 0.116038 ]
		Tangent [ 0.983169 -0.182698 0.000073 ]
		Color 0
		U0 0.621933
		V0 0.871366
		U1 0.000000
		V1 0.000000
	Vertex
		Position [ -85.840744 -609.914185 88.572853 ]
		Normal [ -0.142107 -0.978951 0.146492 ]
		Tangent [ 0.986651 -0.162850 0.000017 ]
		Color 0
		U0 0.628053
		V0 0.878822
		U1 0.000000
		V1 0.000000
	Vertex
		Position [ -67.444641 -609.846619 103.669991 ]
		Normal [ -0.111652 -0.978840 0.171484 ]
		Tangent [ 0.993209 -0.116348 -0.000071 ]
		Color 0
		U0 0.635509
		V0 0.884942
		U1 0.000000
		V1 0.000000
	Vertex
		Position [ -46.456669 -609.796326 114.888184 ]
		Normal [ -0.076907 -0.978756 0.190056 ]
		Tangent [ 0.996923 -0.078390 -0.000054 ]
		Color 0
		U0 0.644017
		V0 0.889489
		U1 0.000000
		V1 0.000000
	Vertex
		Position [ -23.683399 -609.765442 121.796295 ]
		Normal [ -0.039207 -0.978705 0.201492 ]
		Tangent [ 0.999313 -0.037057 -0.000001 ]
		Color 0
		U0 0.653247
		V0 0.892289
		U1 0.000000
		V1 0.000000
	Vertex
		Position [ 0.000011 -609.754944 124.128891 ]
		Normal [ 0.000000 -0.978688 0.205353 ]
		Tangent [ 1.000000 0.000000 -0.000000 ]
		Color 0
		U0 0.662847
		V0 0.893234
		U1 0.000000
		V1 0.000000
	Vertex
		Position [ 23.683422 -609.765442 121.796295 ]
		Normal [ 0.039207 -0.978705 0.201492 ]
		Tangent [ 0.999313 0.037057 0.000001 ]
		Color 0
		U0 0.672447
		V0 0.892289
		U1 0.000000
		V1 0.000000
	Vertex
		Position [ 46.456692 -609.796326 114.888168 ]
		Normal [ 0.076907 -0.978756 0.190056 ]
		Tangent [ 0.996923 0.078390 0.000054 ]
		Color 0
		U0 0.681678
		V0 0.889489
		U1 0.000000
		V1 0.000000
	Vertex
		Position [ 67.444656 -609.846619 103.669975 ]
		Normal [ 0.111652 -0.978840 0.171485 ]
		Tangent [ 0.993209 0.116348 0.000071 ]
		Color 0
		U0 0.690185
		V0 0.884942
		U1 0.000000
		V1 0.000000
	Vertex
		Position [ 85.840759 -609.914185 88.572838 ]
		Normal [ 0.142107 -0.978951 0.146492 ]
		Tangent [ 0.986651 0.162850 -0.000017 ]
		Color 0
		U0 0.697642
		V0 0.878822
		U1 0.000000
		V1 0.000000
	Vertex
		Position [ 100.938049 -609.996582 70.176910 ]
		Normal [ 0.167099 -0.979088 0.116038 ]
		Tangent [ 0.983169 0.182698 -0.000073 ]
		Color 0
		U0 0.703761
		V0 0.871366
		U1 0.000000
		V1 0.000000
	Vertex
		Position [ 112.156357 -610.090576 49.189152 ]
		Normal [ 0.185671 -0.979243 0.081294 ]
		Tangent [ 0.979615 0.200883 -0.000111 ]
		Color 0
		U0 0.708309
		V0 0.862858
		U1 0.000000
		V1 0.000000
	Vertex
		Position [ 119.064545 -610.192566 26.416111 ]
		Normal [ 0.197107 -0.979412 0.043593 ]
		Tangent [ 0.977374 0.211519 -0.000134 ]
		Color 0
		U0 0.711109
		V0 0.853628
		U1 0.000000
		V1 0.000000
	Vertex
		Position [ 121.397156 -610.298584 2.732938 ]
		Normal [ 0.200969 -0.979588 0.004386 ]
		Tangent [ 0.980788 0.195074 -0.000111 ]
		Color 0
		U0 0.712054
		V0 0.844028
		U1 0.000000
		V1 0.000000
	Vertex
		Position [ 119.064545 -610.404663 -20.950233 ]
		Normal [ 0.197107 -0.979763 -0.034819 ]
		Tangent [ 0.977386 0.211461 -0.000123 ]
		Color 0
		U0 0.711109
		V0 0.834428
		U1 0.000000
		V1 0.000000
	Vertex
		Position [ 112.156342 -610.506653 -43.723278 ]
		Normal [ 0.185671 -0.979932 -0.072521 ]
		Tangent [ 0.979639 0.200765 -0.000125 ]
		Color 0
		U0 0.708309
		V0 0.825197
		U1 0.000000
		V1 0.000000
	Vertex
		Position [ 100.938034 -610.600586 -64.711029 ]
		Normal [ 0.167099 -0.980088 -0.107265 ]
		Tangent [ 0.983199 0.182535 -0.000125 ]
		Color 0
		U0 0.703762
		V0 0.816690
		U1 0.000000
		V1 0.000000
	Vertex
		Position [ 85.840744 -610.682983 -83.106956 ]
		Normal [ 0.142107 -0.980224 -0.137718 ]
		Tangent [ 0.986685 0.162645 -0.000166 ]
		Color 0
		U0 0.697642
		V0 0.809234
		U1 0.000000
		V1 0.000000
	Vertex
		Position [ 67.444641 -610.750610 -98.204094 ]
		Normal [ 0.111653 -0.980336 -0.162711 ]
		Tangent [ 0.993228 0.116179 -0.000193 ]
		Color 0
		U0 0.690186
		V0 0.803114
		U1 0.000000
		V1 0.000000
	Vertex
		Position [ 46.456669 -610.800842 -109.422287 ]
		Normal [ 0.076908 -0.980419 -0.181282 ]
		Tangent [ 0.996933 0.078263 -0.000135 ]
		Color 0
		U0 0.681679
		V0 0.798567
		U1 0.000000
		V1 0.000000
	Vertex
		Position [ 23.683401 -610.831787 -116.330399 ]
		Normal [ 0.039207 -0.980470 -0.192719 ]
		Tangent [ 0.999315 0.037002 -0.000081 ]
		Color 0
		U0 0.672448
		V0 0.795767
		U1 0.000000
		V1 0.000000
	Vertex
		Position [ -0.000010 -610.842224 -118.662994 ]
		Normal [ -0.000000 -0.980488 -0.196580 ]
		Tangent [ 0.999983 -0.005878 0.000014 ]
		Color 0
		U0 0.662848
		V0 0.794821
		U1 0.000000
		V1 0.000000
	Vertex
		Position [ -23.683420 -610.831787 -116.330399 ]
		Normal [ -0.039207 -0.980470 -0.192719 ]
		Tangent [ 0.999249 -0.038760 0.000105 ]
		Color 0
		U0 0.653248
		V0 0.795767
		U1 0.000000
		V1 0.000000
	Vertex
		Position [ -46.456692 -610.800842 -109.422272 ]
		Normal [ -0.076908 -0.980419 -0.181282 ]
		Tangent [ 0.996933 -0.078263 0.000135 ]
		Color 0
		U0 0.644017
		V0 0.798567
		U1 0.000000
		V1 0.000000
	Vertex
		Position [ -67.444656 -610.750610 -98.204079 ]
		Normal [ -0.111653 -0.980336 -0.162711 ]
		Tangent [ 0.993228 -0.116179 0.000193 ]
		Color 0
		U0 0.635510
		V0 0.803114
		U1 0.000000
		V1 0.000000
	Vertex
		Position [ -85.840759 -610.682983 -83.106941 ]
		Normal [ -0.142107 -0.980224 -0.137718 ]
		Tangent [ 0.986685 -0.162645 0.000166 ]
		Color 0
		U0 0.628053
		V0 0.809234
		U1 0.000000
		V1 0.000000
	Vertex
		Position [ -100.938049 -610.600586 -64.711014 ]
		Normal [ -0.167099 -0.980088 -0.107265 ]
		Tangent [ 0.983199 -0.182535 0.000125 ]
		Color 0
		U0 0.621934
		V0 0.816690
		U1 0.000000
		V1 0.000000
	Vertex
		Position [ -112.156357 -610.506653 -43.723255 ]
		Normal [ -0.185671 -0.979932 -0.072521 ]
		Tangent [ 0.979639 -0.200765 0.000125 ]
		Color 0
		U0 0.617387
		V0 0.825197
		U1 0.000000
		V1 0.000000
	Vertex
		Position [ -119.064545 -610.404663 -20.950214 ]
		Normal [ -0.197107 -0.979763 -0.034819 ]
		Tangent [ 0.977386 -0.211461 0.000123 ]
		Color 0
		U0 0.614586
		V0 0.834428
		U1 0.000000
		V1 0.000000
	Vertex
		Position [ -233.553497 575.096741 43.881855 ]
		Normal [ -0.380434 0.922037 0.071545 ]
		Tangent [ -0.926240 -0.376924 0.002922 ]
		Color 0
		U0 0.757301
		V0 0.547359
		U1 0.000000
		V1 0.000000
	Vertex
		Position [ -238.129089 574.888672 -2.574360 ]
		Normal [ -0.387887 0.921698 -0.004127 ]
		Tangent [ -0.935949 -0.352126 0.002727 ]
		Color 0
		U0 0.759155
		V0 0.528529
		U1 0.000000
		V1 0.000000
	Vertex
		Position [ -220.002563 575.296753 88.552788 ]
		Normal [ -0.358361 0.922362 0.144309 ]
		Tangent [ -0.933510 -0.358539 0.002819 ]
		Color 0
		U0 0.751808
		V0 0.565466
		U1 0.000000
		V1 0.000000
	Vertex
		Position [ -197.997086 575.481140 129.721741 ]
		Normal [ -0.322516 0.922663 0.211369 ]
		Tangent [ -0.944896 -0.327360 0.002681 ]
		Color 0
		U0 0.742889
		V0 0.582154
		U1 0.000000
		V1 0.000000
	Vertex
		Position [ -168.382675 575.642700 165.806641 ]
		Normal [ -0.274278 0.922926 0.270147 ]
		Tangent [ -0.952185 -0.305510 0.002615 ]
		Color 0
		U0 0.730885
		V0 0.596780
		U1 0.000000
		V1 0.000000
	Vertex
		Position [ -132.297409 575.775330 195.420761 ]
		Normal [ -0.215499 0.923142 0.318385 ]
		Tangent [ -0.975017 -0.222121 0.002124 ]
		Color 0
		U0 0.716258
		V0 0.608784
		U1 0.000000
		V1 0.000000
	Vertex
		Position [ -91.128044 575.873901 217.426025 ]
		Normal [ -0.148438 0.923302 0.354230 ]
		Tangent [ -0.988074 -0.153970 0.001509 ]
		Color 0
		U0 0.699571
		V0 0.617704
		U1 0.000000
		V1 0.000000
	Vertex
		Position [ -46.456661 575.934570 230.976776 ]
		Normal [ -0.075672 0.923401 0.376303 ]
		Tangent [ -0.996989 -0.077534 0.000681 ]
		Color 0
		U0 0.681464
		V0 0.623197
		U1 0.000000
		V1 0.000000
	Vertex
		Position [ 0.000021 575.955017 235.552322 ]
		Normal [ 0.000000 0.923435 0.383756 ]
		Tangent [ -1.000000 0.000000 0.000000 ]
		Color 0
		U0 0.662633
		V0 0.625051
		U1 0.000000
		V1 0.000000
	Vertex
		Position [ 46.456699 575.934570 230.976776 ]
		Normal [ 0.075672 0.923401 0.376303 ]
		Tangent [ -0.996989 0.077534 -0.000681 ]
		Color 0
		U0 0.643803
		V0 0.623197
		U1 0.000000
		V1 0.000000
	Vertex
		Position [ 91.128075 575.873901 217.425995 ]
		Normal [ 0.148438 0.923302 0.354230 ]
		Tangent [ -0.988074 0.153970 -0.001509 ]
		Color 0
		U0 0.625696
		V0 0.617704
		U1 0.000000
		V1 0.000000
	Vertex
		Position [ 132.297440 575.775330 195.420731 ]
		Normal [ 0.215499 0.923142 0.318385 ]
		Tangent [ -0.975017 0.222121 -0.002124 ]
		Color 0
		U0 0.609008
		V0 0.608784
		U1 0.000000
		V1 0.000000
	Vertex
		Position [ 168.382706 575.642700 165.806610 ]
		Normal [ 0.274278 0.922926 0.270147 ]
		Tangent [ -0.952185 0.305510 -0.002615 ]
		Color 0
		U0 0.594381
		V0 0.596780
		U1 0.000000
		V1 0.000000
	Vertex
		Position [ 197.997116 575.481140 129.721710 ]
		Normal [ 0.322516 0.922663 0.211369 ]
		Tangent [ -0.944896 0.327360 -0.002681 ]
		Color 0
		U0 0.582377
		V0 0.582154
		U1 0.000000
		V1 0.000000
	Vertex
		Position [ 220.002594 575.296753 88.552742 ]
		Normal [ 0.358361 0.922362 0.144309 ]
		Tangent [ -0.933510 0.358539 -0.002819 ]
		Color 0
		U0 0.573457
		V0 0.565466
		U1 0.000000
		V1 0.000000
	Vertex
		Position [ 233.553497 575.096741 43.881817 ]
		Normal [ 0.380434 0.922037 0.071545 ]
		Tangent [ -0.926240 0.376924 -0.002922 ]
		Color 0
		U0 0.567965
		V0 0.547359
		U1 0.000000
		V1 0.000000
	Vertex
		Position [ 238.129089 574.888672 -2.574402 ]
		Normal [ 0.387887 0.921698 -0.004127 ]
		Tangent [ -0.935949 0.352126 -0.002727 ]
		Color 0
		U0 0.566110
		V0 0.528529
		U1 0.000000
		V1 0.000000
	Vertex
		Position [ 233.553497 574.680664 -49.030617 ]
		Normal [ 0.380434 0.921359 -0.079799 ]
		Tangent [ -0.926306 0.376760 -0.002912 ]
		Color 0
		U0 0.567964
		V0 0.509698
		U1 0.000000
		V1 0.000000
	Vertex
		Position [ 220.002563 574.480652 -93.701553 ]
		Normal [ 0.358361 0.921033 -0.152564 ]
		Tangent [ -0.933633 0.358222 -0.002735 ]
		Color 0
		U0 0.573457
		V0 0.491591
		U1 0.000000
		V1 0.000000
	Vertex
		Position [ 197.997086 574.296265 -134.870499 ]
		Normal [ 0.322516 0.920733 -0.219624 ]
		Tangent [ -0.945046 0.326928 -0.002385 ]
		Color 0
		U0 0.582376
		V0 0.474904
		U1 0.000000
		V1 0.000000
	Vertex
		Position [ 168.382675 574.134705 -170.955414 ]
		Normal [ 0.274277 0.920470 -0.278402 ]
		Tangent [ -0.952371 0.304933 -0.002111 ]
		Color 0
		U0 0.594380
		V0 0.460277
		U1 0.000000
		V1 0.000000
	Vertex
		Position [ 132.297409 574.002075 -200.569519 ]
		Normal [ 0.215498 0.920254 -0.326640 ]
		Tangent [ -0.975129 0.221633 -0.001354 ]
		Color 0
		U0 0.609007
		V0 0.448273
		U1 0.000000
		V1 0.000000
	Vertex
		Position [ 91.128036 573.903503 -222.574783 ]
		Normal [ 0.148438 0.920093 -0.362485 ]
		Tangent [ -0.988135 0.153583 -0.000906 ]
		Color 0
		U0 0.625694
		V0 0.439354
		U1 0.000000
		V1 0.000000
	Vertex
		Position [ 46.456661 573.842834 -236.125549 ]
		Normal [ 0.075674 0.919994 -0.384557 ]
		Tangent [ -0.997005 0.077341 -0.000495 ]
		Color 0
		U0 0.643801
		V0 0.433861
		U1 0.000000
		V1 0.000000
	Vertex
		Position [ -0.000021 573.822388 -240.701080 ]
		Normal [ -0.000000 0.919961 -0.392010 ]
		Tangent [ -0.999995 -0.003308 -0.000173 ]
		Color 0
		U0 0.662632
		V0 0.432006
		U1 0.000000
		V1 0.000000
	Vertex
		Position [ -46.456699 573.842834 -236.125549 ]
		Normal [ -0.075673 0.919994 -0.384557 ]
		Tangent [ -0.997317 -0.073199 0.000337 ]
		Color 0
		U0 0.681462
		V0 0.433861
		U1 0.000000
		V1 0.000000
	Vertex
		Position [ -91.128082 573.903503 -222.574753 ]
		Normal [ -0.148438 0.920093 -0.362485 ]
		Tangent [ -0.988135 -0.153583 0.000906 ]
		Color 0
		U0 0.699569
		V0 0.439354
		U1 0.000000
		V1 0.000000
	Vertex
		Position [ -132.297440 574.002075 -200.569489 ]
		Normal [ -0.215498 0.920254 -0.326641 ]
		Tangent [ -0.975129 -0.221633 0.001354 ]
		Color 0
		U0 0.716257
		V0 0.448273
		U1 0.000000
		V1 0.000000
	Vertex
		Position [ -168.382706 574.134705 -170.955383 ]
		Normal [ -0.274277 0.920470 -0.278402 ]
		Tangent [ -0.952371 -0.304933 0.002111 ]
		Color 0
		U0 0.730884
		V0 0.460277
		U1 0.000000
		V1 0.000000
	Vertex
		Position [ -197.997116 574.296265 -134.870468 ]
		Normal [ -0.322516 0.920733 -0.219624 ]
		Tangent [ -0.945046 -0.326928 0.002385 ]
		Color 0
		U0 0.742888
		V0 0.474904
		U1 0.000000
		V1 0.000000
	Vertex
		Position [ -220.002594 574.480652 -93.701508 ]
		Normal [ -0.358361 0.921033 -0.152564 ]
		Tangent [ -0.933633 -0.358222 0.002735 ]
		Color 0
		U0 0.751808
		V0 0.491591
		U1 0.000000
		V1 0.000000
	Vertex
		Position [ -233.553497 574.680664 -49.030579 ]
		Normal [ -0.380434 0.921359 -0.079799 ]
		Tangent [ -0.926306 -0.376760 0.002912 ]
		Color 0
		U0 0.757300
		V0 0.509698
		U1 0.000000
		V1 0.000000
	Vertex
		Position [ -339.067139 517.688171 65.127121 ]
		Normal [ -0.549019 0.829125 0.105495 ]
		Tangent [ -0.836074 -0.548600 0.004239 ]
		Color 0
		U0 0.800124
		V0 0.555790
		U1 0.000000
		V1 0.000000
	Vertex
		Position [ -345.709869 517.386169 -2.316852 ]
		Normal [ -0.559775 0.828636 -0.003711 ]
		Tangent [ -0.849271 -0.527942 0.004097 ]
		Color 0
		U0 0.802816
		V0 0.528453
		U1 0.000000
		V1 0.000000
	Vertex
		Position [ -319.394257 517.978577 129.979248 ]
		Normal [ -0.513610 0.834717 0.198627 ]
		Tangent [ -0.841048 -0.540945 0.004098 ]
		Color 0
		U0 0.792150
		V0 0.582078
		U1 0.000000
		V1 0.000000
	Vertex
		Position [ -287.447205 518.246216 189.747314 ]
		Normal [ -0.617918 0.670952 0.409879 ]
		Tangent [ -0.778892 -0.605831 -0.162161 ]
		Color 0
		U0 0.779201
		V0 0.606304
		U1 0.000000
		V1 0.000000
	Vertex
		Position [ -244.453766 518.480835 242.134460 ]
		Normal [ -0.383509 0.835589 0.393335 ]
		Tangent [ -0.903700 -0.428154 0.003092 ]
		Color 0
		U0 0.761774
		V0 0.627539
		U1 0.000000
		V1 0.000000
	Vertex
		Position [ -192.066071 518.673340 285.127502 ]
		Normal [ -0.310994 0.830721 0.461720 ]
		Tangent [ -0.937983 -0.346665 0.003391 ]
		Color 0
		U0 0.740540
		V0 0.644966
		U1 0.000000
		V1 0.000000
	Vertex
		Position [ -132.297394 518.816406 317.074188 ]
		Normal [ -0.214217 0.830952 0.513449 ]
		Tangent [ -0.969335 -0.245730 0.002375 ]
		Color 0
		U0 0.716313
		V0 0.657915
		U1 0.000000
		V1 0.000000
	Vertex
		Position [ -67.444618 518.904541 336.746857 ]
		Normal [ -0.116685 0.835947 0.536263 ]
		Tangent [ -0.987891 -0.155134 0.002087 ]
		Color 0
		U0 0.690026
		V0 0.665889
		U1 0.000000
		V1 0.000000
	Vertex
		Position [ 0.000030 518.934265 343.389526 ]
		Normal [ 0.000000 0.673752 0.738957 ]
		Tangent [ -1.000000 0.000000 0.000000 ]
		Color 0
		U0 0.662688
		V0 0.668582
		U1 0.000000
		V1 0.000000
	Vertex
		Position [ 67.444679 518.904541 336.746857 ]
		Normal [ 0.116685 0.835947 0.536263 ]
		Tangent [ -0.987891 0.155134 -0.002087 ]
		Color 0
		U0 0.635350
		V0 0.665889
		U1 0.000000
		V1 0.000000
	Vertex
		Position [ 132.297455 518.816406 317.074188 ]
		Normal [ 0.214217 0.830952 0.513449 ]
		Tangent [ -0.969335 0.245730 -0.002375 ]
		Color 0
		U0 0.609063
		V0 0.657915
		U1 0.000000
		V1 0.000000
	Vertex
		Position [ 192.066132 518.673340 285.127441 ]
		Normal [ 0.310994 0.830721 0.461721 ]
		Tangent [ -0.937983 0.346664 -0.003391 ]
		Color 0
		U0 0.584836
		V0 0.644966
		U1 0.000000
		V1 0.000000
	Vertex
		Position [ 244.453796 518.480835 242.134430 ]
		Normal [ 0.382678 0.835945 0.393386 ]
		Tangent [ -0.906844 0.421459 -0.002624 ]
		Color 0
		U0 0.563601
		V0 0.627539
		U1 0.000000
		V1 0.000000
	Vertex
		Position [ 287.447266 518.246216 189.747253 ]
		Normal [ 0.618805 0.669767 0.410477 ]
		Tangent [ -0.780123 0.604237 0.162190 ]
		Color 0
		U0 0.546174
		V0 0.606304
		U1 0.000000
		V1 0.000000
	Vertex
		Position [ 319.394257 517.978577 129.979187 ]
		Normal [ 0.513341 0.835070 0.197837 ]
		Tangent [ -0.840696 0.541492 -0.004095 ]
		Color 0
		U0 0.533225
		V0 0.582078
		U1 0.000000
		V1 0.000000
	Vertex
		Position [ 339.067139 517.688171 65.127060 ]
		Normal [ 0.549019 0.829125 0.105495 ]
		Tangent [ -0.836074 0.548600 -0.004239 ]
		Color 0
		U0 0.525251
		V0 0.555790
		U1 0.000000
		V1 0.000000
	Vertex
		Position [ 345.709869 517.386169 -2.316912 ]
		Normal [ 0.559775 0.828636 -0.003711 ]
		Tangent [ -0.849271 0.527942 -0.004097 ]
		Color 0
		U0 0.522558
		V0 0.528453
		U1 0.000000
		V1 0.000000
	Vertex
		Position [ 339.067139 517.084167 -69.760880 ]
		Normal [ 0.541971 0.834440 -0.099888 ]
		Tangent [ -0.828950 0.559305 -0.004377 ]
		Color 0
		U0 0.525250
		V0 0.501115
		U1 0.000000
		V1 0.000000
	Vertex
		Position [ 319.394257 516.793762 -134.613022 ]
		Normal [ 0.688246 0.665835 -0.288065 ]
		Tangent [ -0.727266 0.673419 -0.132632 ]
		Color 0
		U0 0.533224
		V0 0.474828
		U1 0.000000
		V1 0.000000
	Vertex
		Position [ 287.447205 516.526123 -194.381088 ]
		Normal [ 0.451220 0.833459 -0.318978 ]
		Tangent [ -0.886590 0.462539 -0.003943 ]
		Color 0
		U0 0.546173
		V0 0.450601
		U1 0.000000
		V1 0.000000
	Vertex
		Position [ 244.453766 516.291504 -246.768234 ]
		Normal [ 0.395821 0.826864 -0.399528 ]
		Tangent [ -0.892222 0.451587 -0.003108 ]
		Color 0
		U0 0.563600
		V0 0.429367
		U1 0.000000
		V1 0.000000
	Vertex
		Position [ 192.066071 516.098999 -289.761261 ]
		Normal [ 0.310994 0.826552 -0.469142 ]
		Tangent [ -0.938395 0.345560 -0.001975 ]
		Color 0
		U0 0.584835
		V0 0.411940
		U1 0.000000
		V1 0.000000
	Vertex
		Position [ 132.297394 515.955933 -321.707947 ]
		Normal [ 0.220857 0.832305 -0.508420 ]
		Tangent [ -0.954564 0.297999 -0.002039 ]
		Color 0
		U0 0.609061
		V0 0.398990
		U1 0.000000
		V1 0.000000
	Vertex
		Position [ 67.444618 515.867798 -341.380615 ]
		Normal [ 0.145514 0.662799 -0.734523 ]
		Tangent [ -0.987086 0.145314 -0.067412 ]
		Color 0
		U0 0.635348
		V0 0.391016
		U1 0.000000
		V1 0.000000
	Vertex
		Position [ -0.000030 515.838074 -348.023285 ]
		Normal [ -0.010910 0.832098 -0.554521 ]
		Tangent [ -0.998459 -0.055420 -0.002722 ]
		Color 0
		U0 0.662686
		V0 0.388324
		U1 0.000000
		V1 0.000000
	Vertex
		Position [ -67.444679 515.867798 -341.380615 ]
		Normal [ -0.109207 0.826178 -0.552724 ]
		Tangent [ -0.992722 -0.120429 0.000485 ]
		Color 0
		U0 0.690024
		V0 0.391016
		U1 0.000000
		V1 0.000000
	Vertex
		Position [ -132.297455 515.955933 -321.707947 ]
		Normal [ -0.214216 0.826321 -0.520870 ]
		Tangent [ -0.969573 -0.244797 0.001433 ]
		Color 0
		U0 0.716311
		V0 0.398990
		U1 0.000000
		V1 0.000000
	Vertex
		Position [ -192.066132 516.098999 -289.761200 ]
		Normal [ -0.310994 0.826552 -0.469142 ]
		Tangent [ -0.938395 -0.345560 0.001975 ]
		Color 0
		U0 0.740538
		V0 0.411940
		U1 0.000000
		V1 0.000000
	Vertex
		Position [ -244.453796 516.291504 -246.768204 ]
		Normal [ -0.395821 0.826864 -0.399528 ]
		Tangent [ -0.892222 -0.451587 0.003108 ]
		Color 0
		U0 0.761773
		V0 0.429367
		U1 0.000000
		V1 0.000000
	Vertex
		Position [ -287.447266 516.526123 -194.381027 ]
		Normal [ -0.453215 0.832574 -0.318460 ]
		Tangent [ -0.880532 -0.473974 0.003544 ]
		Color 0
		U0 0.779200
		V0 0.450601
		U1 0.000000
		V1 0.000000
	Vertex
		Position [ -319.394257 516.793762 -134.612961 ]
		Normal [ -0.686293 0.668191 -0.287267 ]
		Tangent [ -0.724327 -0.676609 0.132478 ]
		Color 0
		U0 0.792149
		V0 0.474828
		U1 0.000000
		V1 0.000000
	Vertex
		Position [ -339.067139 517.084167 -69.760818 ]
		Normal [ -0.543018 0.833545 -0.101659 ]
		Tangent [ -0.828301 -0.560267 0.004366 ]
		Color 0
		U0 0.800124
		V0 0.501115
		U1 0.000000
		V1 0.000000
	Vertex
		Position [ -385.308868 479.036682 74.498352 ]
		Normal [ -0.622204 0.773557 0.120301 ]
		Tangent [ -0.778343 -0.627745 0.010879 ]
		Color 0
		U0 0.818904
		V0 0.559468
		U1 0.000000
		V1 0.000000
	Vertex
		Position [ -392.857544 478.693481 -2.143580 ]
		Normal [ -0.634393 0.773003 -0.003462 ]
		Tangent [ -0.772996 -0.634348 0.008977 ]
		Color 0
		U0 0.821964
		V0 0.528401
		U1 0.000000
		V1 0.000000
	Vertex
		Position [ -362.953033 479.366699 148.194977 ]
		Normal [ -0.495019 0.778434 0.386001 ]
		Tangent [ -0.827294 -0.560423 -0.038851 ]
		Color 0
		U0 0.809843
		V0 0.589340
		U1 0.000000
		V1 0.000000
	Vertex
		Position [ -325.879211 506.502777 150.862610 ]
		Normal [ -0.588820 0.663548 0.461515 ]
		Tangent [ -0.781578 -0.600061 -0.170480 ]
		Color 0
		U0 0.794790
		V0 0.590506
		U1 0.000000
		V1 0.000000
	Vertex
		Position [ -346.255768 494.102783 143.853790 ]
		Normal [ -0.597773 0.723258 0.345783 ]
		Tangent [ -0.829981 -0.541048 -0.135642 ]
		Color 0
		U0 0.803061
		V0 0.587626
		U1 0.000000
		V1 0.000000
	Vertex
		Position [ -305.180634 515.253296 166.458282 ]
		Normal [ -0.611769 0.665012 0.428367 ]
		Tangent [ -0.735706 -0.647800 -0.197718 ]
		Color 0
		U0 0.786392
		V0 0.596855
		U1 0.000000
		V1 0.000000
	Vertex
		Position [ -326.036652 480.168793 215.701584 ]
		Normal [ -0.527733 0.774331 0.349155 ]
		Tangent [ -0.849410 -0.481154 -0.216780 ]
		Color 0
		U0 0.792150
		V0 0.043892
		U1 0.000000
		V1 0.000000
	Vertex
		Position [ -299.507874 506.272888 197.859756 ]
		Normal [ -0.336239 0.915583 0.220569 ]
		Tangent [ -0.935692 -0.322062 -0.144073 ]
		Color 0
		U0 0.779493
		V0 0.032952
		U1 0.000000
		V1 0.000000
	Vertex
		Position [ -289.491882 504.391846 215.046310 ]
		Normal [ -0.278797 0.906598 0.316784 ]
		Tangent [ -0.965059 -0.238912 -0.107619 ]
		Color 0
		U0 0.774901
		V0 0.039617
		U1 0.000000
		V1 0.000000
	Vertex
		Position [ -285.075653 498.591522 232.068497 ]
