TXT
MeshData
	maxDiffuseMipLevel 0
	hasValidTangents TRUE
	BoundingRadius 939.149231
	MaxBoundingExtents [ 902.149841 897.036865 896.502563 ]
	MinBoundingExtents [ -912.565247 -908.400085 -907.617310 ]
	NumMaterials 1
	Material
		DiffuseTextureFileName "ge_garmisch_diffuse.dds"
		SelfIlluminationTextureFileName "ge_garmisch_data.dds"
		NormalTextureFileName "ge_garmisch_bump.dds"
		DisplacementTextureFileName ""
		TeamColorTextureFileName ""
		Diffuse ffffffff
		Ambient ffffffff
		Specular ffffffff
		Emissive ffffffff
		Glossiness 50.000000
	NumPoints 59
	Point
		DataString "Center"
		Position [ 0.000000 0.000000 0.000000 ]
		Orientation
			 [ 1.000000 0.000000 -0.000000 ]
			 [ 0.000000 1.000000 -0.000000 ]
			 [ -0.000000 -0.000000 1.000000 ]
	Point
		DataString "Above"
		Position [ 0.000000 100.000000 0.000000 ]
		Orientation
			 [ 1.000000 0.000000 -0.000000 ]
			 [ 0.000000 1.000000 -0.000000 ]
			 [ -0.000000 -0.000000 1.000000 ]
	Point
		DataString "Aura"
		Position [ 0.000000 -100.000000 0.000000 ]
		Orientation
			 [ 1.000000 0.000000 -0.000000 ]
			 [ 0.000000 1.000000 -0.000000 ]
			 [ -0.000000 -0.000000 1.000000 ]
	Point
		DataString "Build-Tech_ShipyardBuildEffect1"
		Position [ -40.621925 -0.664353 0.017314 ]
		Orientation
			 [ 1.000000 0.000000 -0.000000 ]
			 [ 0.000000 -0.000000 -1.000000 ]
			 [ -0.000000 1.000000 -0.000000 ]
	Point
		DataString "Flair-Flair_GarmischDebrisField"
		Position [ -40.624565 -81.455605 0.068119 ]
		Orientation
			 [ 1.000000 0.000000 -0.000000 ]
			 [ 0.000000 -0.000000 -1.000000 ]
			 [ -0.000000 1.000000 -0.000000 ]
	Point
		DataString "Weapon-1"
		Position [ 900.000000 0.000000 -0.000120 ]
		Orientation
			 [ -0.000000 0.000000 -1.000000 ]
			 [ 0.000000 1.000000 -0.000000 ]
			 [ 1.000000 -0.000000 -0.000000 ]
	Point
		DataString "Weapon-1"
		Position [ 450.000061 0.000000 779.422791 ]
		Orientation
			 [ 0.866025 0.000000 -0.500000 ]
			 [ 0.000000 1.000000 -0.000000 ]
			 [ 0.500000 -0.000000 0.866025 ]
	Point
		DataString "Weapon-1"
		Position [ -449.999939 0.000000 779.422913 ]
		Orientation
			 [ 0.866025 0.000000 0.500000 ]
			 [ 0.000000 1.000000 -0.000000 ]
			 [ -0.500000 -0.000000 0.866025 ]
	Point
		DataString "Weapon-1"
		Position [ -900.000000 0.000000 0.000041 ]
		Orientation
			 [ -0.000000 0.000000 1.000000 ]
			 [ 0.000000 1.000000 -0.000000 ]
			 [ -1.000000 -0.000000 -0.000000 ]
	Point
		DataString "Weapon-1"
		Position [ -450.000122 0.000000 -779.422791 ]
		Orientation
			 [ -0.866025 0.000000 0.500000 ]
			 [ 0.000000 1.000000 -0.000000 ]
			 [ -0.500000 -0.000000 -0.866025 ]
	Point
		DataString "Weapon-1"
		Position [ 449.999939 0.000000 -779.422913 ]
		Orientation
			 [ -0.866025 0.000000 -0.500000 ]
			 [ 0.000000 1.000000 -0.000000 ]
			 [ 0.500000 -0.000000 -0.866025 ]
	Point
		DataString "Weapon-0"
		Position [ -4.632611 5.691446 900.000000 ]
		Orientation
			 [ 1.000000 0.000000 -0.000000 ]
			 [ 0.000000 1.000000 -0.000000 ]
			 [ -0.000000 -0.000000 1.000000 ]
	Point
		DataString "Weapon-0"
		Position [ -4.632611 -5.691446 900.000000 ]
		Orientation
			 [ 1.000000 0.000000 -0.000000 ]
			 [ 0.000000 1.000000 -0.000000 ]
			 [ -0.000000 -0.000000 1.000000 ]
	Point
		DataString "Weapon-0"
		Position [ 4.632769 5.691446 900.000000 ]
		Orientation
			 [ 1.000000 0.000000 -0.000000 ]
			 [ 0.000000 1.000000 -0.000000 ]
			 [ -0.000000 -0.000000 1.000000 ]
	Point
		DataString "Weapon-0"
		Position [ 4.632769 -5.691446 900.000000 ]
		Orientation
			 [ 1.000000 0.000000 -0.000000 ]
			 [ 0.000000 1.000000 -0.000000 ]
			 [ -0.000000 -0.000000 1.000000 ]
	Point
		DataString "Weapon-0"
		Position [ -781.738953 5.691446 445.987976 ]
		Orientation
			 [ 0.500000 0.000000 0.866025 ]
			 [ 0.000000 1.000000 -0.000000 ]
			 [ -0.866025 -0.000000 0.500000 ]
	Point
		DataString "Weapon-0"
		Position [ -781.738953 -5.691446 445.987976 ]
		Orientation
			 [ 0.500000 0.000000 0.866025 ]
			 [ 0.000000 1.000000 -0.000000 ]
			 [ -0.866025 -0.000000 0.500000 ]
	Point
		DataString "Weapon-0"
		Position [ -777.106628 5.691446 454.012146 ]
		Orientation
			 [ 0.500000 0.000000 0.866025 ]
			 [ 0.000000 1.000000 -0.000000 ]
			 [ -0.866025 -0.000000 0.500000 ]
	Point
		DataString "Weapon-0"
		Position [ -777.106628 -5.691446 454.012146 ]
		Orientation
			 [ 0.500000 0.000000 0.866025 ]
			 [ 0.000000 1.000000 -0.000000 ]
			 [ -0.866025 -0.000000 0.500000 ]
	Point
		DataString "Weapon-0"
		Position [ -777.106506 5.691446 -454.012024 ]
		Orientation
			 [ -0.500000 0.000000 0.866025 ]
			 [ 0.000000 1.000000 -0.000000 ]
			 [ -0.866025 -0.000000 -0.500000 ]
	Point
		DataString "Weapon-0"
		Position [ -777.106506 -5.691446 -454.012024 ]
		Orientation
			 [ -0.500000 0.000000 0.866025 ]
			 [ 0.000000 1.000000 -0.000000 ]
			 [ -0.866025 -0.000000 -0.500000 ]
	Point
		DataString "Weapon-0"
		Position [ -781.739319 5.691446 -445.987854 ]
		Orientation
			 [ -0.500000 0.000000 0.866025 ]
			 [ 0.000000 1.000000 -0.000000 ]
			 [ -0.866025 -0.000000 -0.500000 ]
	Point
		DataString "Weapon-0"
		Position [ -781.739319 -5.691446 -445.987854 ]
		Orientation
			 [ -0.500000 0.000000 0.866025 ]
			 [ 0.000000 1.000000 -0.000000 ]
			 [ -0.866025 -0.000000 -0.500000 ]
	Point
		DataString "Weapon-0"
		Position [ 4.632611 5.691446 -900.000000 ]
		Orientation
			 [ -1.000000 0.000000 -0.000000 ]
			 [ 0.000000 1.000000 -0.000000 ]
			 [ 0.000000 -0.000000 -1.000000 ]
	Point
		DataString "Weapon-0"
		Position [ 4.632611 -5.691446 -900.000000 ]
		Orientation
			 [ -1.000000 0.000000 -0.000000 ]
			 [ 0.000000 1.000000 -0.000000 ]
			 [ 0.000000 -0.000000 -1.000000 ]
	Point
		DataString "Weapon-0"
		Position [ -4.632769 5.691446 -900.000000 ]
		Orientation
			 [ -1.000000 0.000000 -0.000000 ]
			 [ 0.000000 1.000000 -0.000000 ]
			 [ 0.000000 -0.000000 -1.000000 ]
	Point
		DataString "Weapon-0"
		Position [ -4.632769 -5.691446 -900.000000 ]
		Orientation
			 [ -1.000000 0.000000 -0.000000 ]
			 [ 0.000000 1.000000 -0.000000 ]
			 [ 0.000000 -0.000000 -1.000000 ]
	Point
		DataString "Weapon-0"
		Position [ 781.738953 5.691446 -445.987976 ]
		Orientation
			 [ -0.500000 0.000000 -0.866025 ]
			 [ 0.000000 1.000000 -0.000000 ]
			 [ 0.866025 -0.000000 -0.500000 ]
	Point
		DataString "Weapon-0"
		Position [ 781.738953 -5.691446 -445.987976 ]
		Orientation
			 [ -0.500000 0.000000 -0.866025 ]
			 [ 0.000000 1.000000 -0.000000 ]
			 [ 0.866025 -0.000000 -0.500000 ]
	Point
		DataString "Weapon-0"
		Position [ 777.106628 5.691446 -454.012146 ]
		Orientation
			 [ -0.500000 0.000000 -0.866025 ]
			 [ 0.000000 1.000000 -0.000000 ]
			 [ 0.866025 -0.000000 -0.500000 ]
	Point
		DataString "Weapon-0"
		Position [ 777.106628 -5.691446 -454.012146 ]
		Orientation
			 [ -0.500000 0.000000 -0.866025 ]
			 [ 0.000000 1.000000 -0.000000 ]
			 [ 0.866025 -0.000000 -0.500000 ]
	Point
		DataString "Weapon-0"
		Position [ 777.106750 5.691446 454.012024 ]
		Orientation
			 [ 0.500000 0.000000 -0.866026 ]
			 [ 0.000000 1.000000 -0.000000 ]
			 [ 0.866026 -0.000000 0.500000 ]
	Point
		DataString "Weapon-0"
		Position [ 777.106750 -5.691446 454.012024 ]
		Orientation
			 [ 0.500000 0.000000 -0.866026 ]
			 [ 0.000000 1.000000 -0.000000 ]
			 [ 0.866026 -0.000000 0.500000 ]
	Point
		DataString "Weapon-0"
		Position [ 781.739075 5.691446 445.987854 ]
		Orientation
			 [ 0.500000 0.000000 -0.866026 ]
			 [ 0.000000 1.000000 -0.000000 ]
			 [ 0.866026 -0.000000 0.500000 ]
	Point
		DataString "Weapon-0"
		Position [ 781.739075 -5.691446 445.987854 ]
		Orientation
			 [ 0.500000 0.000000 -0.866026 ]
			 [ 0.000000 1.000000 -0.000000 ]
			 [ 0.866026 -0.000000 0.500000 ]
	Point
		DataString "Hangar"
		Position [ 112.935600 0.000038 892.422913 ]
		Orientation
			 [ 0.991445 0.000000 -0.130527 ]
			 [ 0.000000 1.000000 0.000000 ]
			 [ 0.130527 -0.000000 0.991445 ]
	Point
		DataString "Hangar"
		Position [ 340.063446 0.000034 832.784424 ]
		Orientation
			 [ 0.923879 0.000000 -0.382684 ]
			 [ 0.000000 1.000000 0.000000 ]
			 [ 0.382684 -0.000000 0.923879 ]
	Point
		DataString "Hangar"
		Position [ 544.016479 0.000028 716.393066 ]
		Orientation
			 [ 0.793353 0.000000 -0.608762 ]
			 [ 0.000000 1.000000 0.000000 ]
			 [ 0.608762 -0.000000 0.793353 ]
	Point
		DataString "Hangar"
		Position [ 710.895813 0.000020 551.180847 ]
		Orientation
			 [ 0.608761 0.000000 -0.793353 ]
			 [ 0.000000 1.000000 0.000000 ]
			 [ 0.793353 -0.000000 0.608761 ]
	Point
		DataString "Hangar"
		Position [ 829.328674 0.000010 348.406403 ]
		Orientation
			 [ 0.382683 0.000000 -0.923880 ]
			 [ -0.000000 1.000000 0.000000 ]
			 [ 0.923880 -0.000000 0.382683 ]
	Point
		DataString "Hangar"
		Position [ 891.244141 0.000000 121.888649 ]
		Orientation
			 [ 0.130527 0.000000 -0.991445 ]
			 [ 0.000000 1.000000 0.000000 ]
			 [ 0.991445 -0.000000 0.130527 ]
	Point
		DataString "Hangar"
		Position [ 892.422852 -0.000010 -112.935570 ]
		Orientation
			 [ -0.130527 0.000000 -0.991445 ]
			 [ 0.000000 1.000000 -0.000000 ]
			 [ 0.991445 -0.000000 -0.130527 ]
	Point
		DataString "Hangar"
		Position [ 832.784302 -0.000019 -340.063446 ]
		Orientation
			 [ -0.382684 0.000000 -0.923879 ]
			 [ 0.000000 1.000000 -0.000000 ]
			 [ 0.923879 -0.000000 -0.382684 ]
	Point
		DataString "Hangar"
		Position [ 716.393005 -0.000028 -544.016479 ]
		Orientation
			 [ -0.608762 0.000000 -0.793353 ]
			 [ 0.000001 1.000000 -0.000000 ]
			 [ 0.793353 -0.000001 -0.608762 ]
	Point
		DataString "Hangar"
		Position [ 551.180786 -0.000034 -710.895752 ]
		Orientation
			 [ -0.793354 -0.000000 -0.608761 ]
			 [ -0.000000 1.000000 -0.000000 ]
			 [ 0.608761 0.000000 -0.793354 ]
	Point
		DataString "Hangar"
		Position [ 348.406403 -0.000038 -829.328735 ]
		Orientation
			 [ -0.923880 0.000000 -0.382683 ]
			 [ 0.000000 1.000000 -0.000000 ]
			 [ 0.382683 -0.000000 -0.923880 ]
	Point
		DataString "Hangar"
		Position [ 121.888664 -0.000039 -891.244324 ]
		Orientation
			 [ -0.991445 0.000000 -0.130526 ]
			 [ 0.000000 1.000000 -0.000000 ]
			 [ 0.130526 -0.000000 -0.991445 ]
	Point
		DataString "Hangar"
		Position [ -112.935593 -0.000038 -892.423035 ]
		Orientation
			 [ -0.991445 0.000000 0.130526 ]
			 [ -0.000000 1.000000 -0.000000 ]
			 [ -0.130526 -0.000000 -0.991445 ]
	Point
		DataString "Hangar"
		Position [ -340.063477 -0.000034 -832.784546 ]
		Orientation
			 [ -0.923879 0.000000 0.382684 ]
			 [ 0.000000 1.000000 -0.000000 ]
			 [ -0.382684 -0.000000 -0.923879 ]
	Point
		DataString "Hangar"
		Position [ -544.016541 -0.000028 -716.393066 ]
		Orientation
			 [ -0.793353 -0.000000 0.608762 ]
			 [ -0.000000 1.000000 -0.000000 ]
			 [ -0.608762 -0.000000 -0.793353 ]
	Point
		DataString "Hangar"
		Position [ -710.895935 -0.000020 -551.180847 ]
		Orientation
			 [ -0.608761 0.000000 0.793353 ]
			 [ 0.000000 1.000000 -0.000000 ]
			 [ -0.793353 0.000000 -0.608761 ]
	Point
		DataString "Hangar"
		Position [ -829.328918 -0.000010 -348.406403 ]
		Orientation
			 [ -0.382683 0.000000 0.923880 ]
			 [ -0.000000 1.000000 -0.000000 ]
			 [ -0.923880 -0.000000 -0.382683 ]
	Point
		DataString "Hangar"
		Position [ -891.244446 0.000000 -121.888611 ]
		Orientation
			 [ -0.130526 0.000000 0.991445 ]
			 [ -0.000000 1.000000 -0.000000 ]
			 [ -0.991445 -0.000000 -0.130526 ]
	Point
		DataString "Hangar"
		Position [ -892.423218 0.000010 112.935677 ]
		Orientation
			 [ 0.130526 0.000000 0.991445 ]
			 [ -0.000000 1.000000 -0.000000 ]
			 [ -0.991445 -0.000000 0.130526 ]
	Point
		DataString "Hangar"
		Position [ -832.784668 0.000019 340.063629 ]
		Orientation
			 [ 0.382683 0.000000 0.923880 ]
			 [ -0.000000 1.000000 0.000000 ]
			 [ -0.923880 -0.000000 0.382683 ]
	Point
		DataString "Hangar"
		Position [ -716.393250 0.000028 544.016785 ]
		Orientation
			 [ 0.608761 0.000000 0.793353 ]
			 [ -0.000000 1.000000 0.000000 ]
			 [ -0.793353 -0.000000 0.608761 ]
	Point
		DataString "Hangar"
		Position [ -551.180908 0.000034 710.896057 ]
		Orientation
			 [ 0.793353 0.000000 0.608761 ]
			 [ -0.000000 1.000000 0.000000 ]
			 [ -0.608761 -0.000000 0.793353 ]
	Point
		DataString "Hangar"
		Position [ -348.406372 0.000038 829.328979 ]
		Orientation
			 [ 0.923880 0.000000 0.382683 ]
			 [ -0.000000 1.000000 0.000000 ]
			 [ -0.382683 -0.000000 0.923880 ]
	Point
		DataString "Hangar"
		Position [ -121.888596 0.000039 891.244507 ]
		Orientation
			 [ 0.991445 0.000000 0.130526 ]
			 [ -0.000000 1.000000 0.000000 ]
			 [ -0.130526 -0.000000 0.991445 ]
	NumVertices 2019
	Vertex
		Position [ -787.035522 144.345230 -332.092041 ]
		Normal [ 0.906308 -0.000402 0.422619 ]
		Tangent [ -0.422617 0.001857 0.906306 ]
		Color 0
		U0 0.845666
		V0 0.335470
		U1 0.000000
		V1 0.000000
	Vertex
		Position [ -774.844116 147.147064 -358.234070 ]
		Normal [ 0.906308 -0.000397 0.422619 ]
		Tangent [ -0.422617 0.001857 0.906306 ]
		Color 0
		U0 0.841769
		V0 0.335084
		U1 0.000000
		V1 0.000000
	Vertex
		Position [ -762.657898 144.267639 -384.370178 ]
		Normal [ 0.906308 -0.000402 0.422619 ]
		Tangent [ -0.422617 0.001861 0.906306 ]
		Color 0
		U0 0.837871
		V0 0.335466
		U1 0.000000
		V1 0.000000
	Vertex
		Position [ -798.763855 135.969833 -306.948639 ]
		Normal [ 0.906307 -0.000405 0.422619 ]
		Tangent [ -0.422617 0.001864 0.906306 ]
		Color 0
		U0 0.849413
		V0 0.336609
		U1 0.000000
		V1 0.000000
	Vertex
		Position [ -750.945313 135.817642 -409.495911 ]
		Normal [ 0.906307 -0.000403 0.422619 ]
		Tangent [ -0.422618 0.001858 0.906306 ]
		Color 0
		U0 0.834123
		V0 0.336601
		U1 0.000000
		V1 0.000000
	Vertex
		Position [ -809.578247 122.342743 -283.770172 ]
		Normal [ 0.906307 -0.000403 0.422619 ]
		Tangent [ -0.422618 0.001848 0.906306 ]
		Color 0
		U0 0.852866
		V0 0.338457
		U1 0.000000
		V1 0.000000
	Vertex
		Position [ -740.156433 122.121796 -432.645721 ]
		Normal [ 0.906307 -0.000402 0.422619 ]
		Tangent [ -0.422618 0.001840 0.906306 ]
		Color 0
		U0 0.830668
		V0 0.338446
		U1 0.000000
		V1 0.000000
	Vertex
		Position [ -819.063110 103.987617 -263.447357 ]
		Normal [ 0.906307 -0.000403 0.422619 ]
		Tangent [ -0.422618 0.001840 0.906306 ]
		Color 0
		U0 0.855893
		V0 0.340943
		U1 0.000000
		V1 0.000000
	Vertex
		Position [ -730.705872 103.706413 -452.929993 ]
		Normal [ 0.906307 -0.000404 0.422619 ]
		Tangent [ -0.422618 0.001836 0.906306 ]
		Color 0
		U0 0.827639
		V0 0.340929
		U1 0.000000
		V1 0.000000
	Vertex
		Position [ -826.854004 81.609848 -246.761154 ]
		Normal [ 0.906307 -0.000405 0.422619 ]
		Tangent [ -0.422618 0.001832 0.906306 ]
		Color 0
		U0 0.858376
		V0 0.343971
		U1 0.000000
		V1 0.000000
	Vertex
		Position [ -722.956848 81.279182 -469.569244 ]
		Normal [ 0.906307 -0.000406 0.422619 ]
		Tangent [ -0.422618 0.001829 0.906306 ]
		Color 0
		U0 0.825153
		V0 0.343955
		U1 0.000000
		V1 0.000000
	Vertex
		Position [ -832.651550 56.069397 -234.352875 ]
		Normal [ 0.906307 -0.000405 0.422619 ]
		Tangent [ -0.422618 0.001831 0.906306 ]
		Color 0
		U0 0.860220
		V0 0.347426
		U1 0.000000
		V1 0.000000
	Vertex
		Position [ -717.207214 55.701981 -481.923920 ]
		Normal [ 0.906307 -0.000404 0.422619 ]
		Tangent [ -0.422618 0.001823 0.906306 ]
		Color 0
		U0 0.823305
		V0 0.347408
		U1 0.000000
		V1 0.000000
	Vertex
		Position [ -836.232788 28.347775 -226.699295 ]
		Normal [ 0.906307 -0.000403 0.422619 ]
		Tangent [ -0.422618 0.001814 0.906306 ]
		Color 0
		U0 0.861355
		V0 0.351174
		U1 0.000000
		V1 0.000000
	Vertex
		Position [ -713.677734 27.957727 -489.519318 ]
		Normal [ 0.906307 -0.000403 0.422619 ]
		Tangent [ -0.422618 0.001810 0.906306 ]
		Color 0
		U0 0.822167
		V0 0.351156
		U1 0.000000
		V1 0.000000
	Vertex
		Position [ -837.460266 -0.489698 -224.094589 ]
		Normal [ 0.906307 -0.000404 0.422619 ]
		Tangent [ -0.422618 0.001815 0.906306 ]
		Color 0
		U0 0.861737
		V0 0.355072
		U1 0.000000
		V1 0.000000
	Vertex
		Position [ -712.504150 -0.887386 -492.063568 ]
		Normal [ 0.906307 -0.000404 0.422619 ]
		Tangent [ -0.422618 0.001824 0.906306 ]
		Color 0
		U0 0.821781
		V0 0.355053
		U1 0.000000
		V1 0.000000
	Vertex
		Position [ -836.286682 -29.334812 -226.638840 ]
		Normal [ 0.906307 -0.000403 0.422619 ]
		Tangent [ -0.422618 0.001827 0.906306 ]
		Color 0
		U0 0.861352
		V0 0.358970
		U1 0.000000
		V1 0.000000
	Vertex
		Position [ -713.731628 -29.724857 -489.458862 ]
		Normal [ 0.906307 -0.000403 0.422619 ]
		Tangent [ -0.422618 0.001831 0.906306 ]
		Color 0
		U0 0.822163
		V0 0.358951
		U1 0.000000
		V1 0.000000
	Vertex
		Position [ -832.757202 -57.079067 -234.234238 ]
		Normal [ 0.906307 -0.000404 0.422619 ]
		Tangent [ -0.422618 0.001832 0.906306 ]
		Color 0
		U0 0.860213
		V0 0.362717
		U1 0.000000
		V1 0.000000
	Vertex
		Position [ -717.312866 -57.446480 -481.805267 ]
		Normal [ 0.906307 -0.000405 0.422619 ]
		Tangent [ -0.422618 0.001830 0.906306 ]
		Color 0
		U0 0.823298
		V0 0.362699
		U1 0.000000
		V1 0.000000
	Vertex
		Position [ -827.007568 -82.656265 -246.588928 ]
		Normal [ 0.906307 -0.000406 0.422619 ]
		Tangent [ -0.422618 0.001828 0.906306 ]
		Color 0
		U0 0.858365
		V0 0.366170
		U1 0.000000
		V1 0.000000
	Vertex
		Position [ -723.110413 -82.986931 -469.397003 ]
		Normal [ 0.906307 -0.000404 0.422619 ]
		Tangent [ -0.422618 0.001819 0.906306 ]
		Color 0
		U0 0.825143
		V0 0.366154
		U1 0.000000
		V1 0.000000
	Vertex
		Position [ -819.258545 -105.083496 -263.228149 ]
		Normal [ 0.906307 -0.000402 0.422619 ]
		Tangent [ -0.422618 0.001812 0.906306 ]
		Color 0
		U0 0.855879
		V0 0.369196
		U1 0.000000
		V1 0.000000
	Vertex
		Position [ -730.901245 -105.364700 -452.710815 ]
		Normal [ 0.906307 -0.000403 0.422619 ]
		Tangent [ -0.422618 0.001802 0.906306 ]
		Color 0
		U0 0.827626
		V0 0.369183
		U1 0.000000
		V1 0.000000
	Vertex
		Position [ -809.807983 -123.498878 -283.512421 ]
		Normal [ 0.906307 -0.000404 0.422619 ]
		Tangent [ -0.422618 0.001799 0.906306 ]
		Color 0
		U0 0.852851
		V0 0.371679
		U1 0.000000
		V1 0.000000
	Vertex
		Position [ -740.386169 -123.719826 -432.388000 ]
		Normal [ 0.906307 -0.000404 0.422619 ]
		Tangent [ -0.422618 0.001820 0.906306 ]
		Color 0
		U0 0.830652
		V0 0.371669
		U1 0.000000
		V1 0.000000
	Vertex
		Position [ -799.019104 -137.194733 -306.662262 ]
		Normal [ 0.906307 -0.000401 0.422619 ]
		Tangent [ -0.422618 0.001844 0.906306 ]
		Color 0
		U0 0.849396
		V0 0.373524
		U1 0.000000
		V1 0.000000
	Vertex
		Position [ -751.200562 -137.346909 -409.209534 ]
		Normal [ 0.906307 -0.000397 0.422619 ]
		Tangent [ -0.422618 0.001864 0.906306 ]
		Color 0
		U0 0.834105
		V0 0.373516
		U1 0.000000
		V1 0.000000
	Vertex
		Position [ -787.306458 -145.644730 -331.787994 ]
		Normal [ 0.906307 -0.000404 0.422619 ]
		Tangent [ -0.422618 0.001860 0.906306 ]
		Color 0
		U0 0.845647
		V0 0.374659
		U1 0.000000
		V1 0.000000
	Vertex
		Position [ -762.928772 -145.722305 -384.066132 ]
		Normal [ 0.906307 -0.000408 0.422619 ]
		Tangent [ -0.422618 0.001857 0.906306 ]
		Color 0
		U0 0.837852
		V0 0.374655
		U1 0.000000
		V1 0.000000
	Vertex
		Position [ -775.120361 -148.524139 -357.924103 ]
		Normal [ 0.906307 -0.000426 0.422619 ]
		Tangent [ -0.422618 0.001857 0.906306 ]
		Color 0
		U0 0.841750
		V0 0.375041
		U1 0.000000
		V1 0.000000
	Vertex
		Position [ -172.021286 -1.274158 -858.550354 ]
		Normal [ 0.000000 0.001484 0.999999 ]
		Tangent [ -1.000000 0.000067 0.000000 ]
		Color 0
		U0 0.981120
		V0 0.242810
		U1 0.000000
		V1 0.000000
	Vertex
		Position [ -168.715958 32.285480 -858.600159 ]
		Normal [ -0.000002 0.001484 0.999999 ]
		Tangent [ -1.000000 -0.000029 -0.000002 ]
		Color 0
		U0 0.980674
		V0 0.238275
		U1 0.000000
		V1 0.000000
	Vertex
		Position [ -168.715958 -34.833797 -858.500549 ]
		Normal [ -0.000001 0.001484 0.999999 ]
		Tangent [ -1.000000 -0.000088 -0.000001 ]
		Color 0
		U0 0.980674
		V0 0.247345
		U1 0.000000
		V1 0.000000
	Vertex
		Position [ -158.926956 64.555443 -858.648010 ]
		Normal [ -0.000001 0.001484 0.999999 ]
		Tangent [ -1.000000 0.000028 -0.000001 ]
		Color 0
		U0 0.979351
		V0 0.233914
		U1 0.000000
		V1 0.000000
	Vertex
		Position [ -158.926956 -67.103760 -858.452637 ]
		Normal [ -0.000002 0.001484 0.999999 ]
		Tangent [ -1.000000 -0.000056 -0.000002 ]
		Color 0
		U0 0.979351
		V0 0.251706
		U1 0.000000
		V1 0.000000
	Vertex
		Position [ -143.030487 94.295609 -858.692139 ]
		Normal [ 0.000000 0.001484 0.999999 ]
		Tangent [ -1.000000 -0.000004 0.000000 ]
		Color 0
		U0 0.977202
		V0 0.229895
		U1 0.000000
		V1 0.000000
	Vertex
		Position [ -143.030487 -96.843925 -858.408508 ]
		Normal [ 0.000000 0.001484 0.999999 ]
		Tangent [ -1.000000 -0.000038 0.000000 ]
		Color 0
		U0 0.977202
		V0 0.255725
		U1 0.000000
		V1 0.000000
	Vertex
		Position [ -121.637444 120.363083 -858.730835 ]
		Normal [ 0.000000 0.001484 0.999999 ]
		Tangent [ -1.000000 0.000029 0.000000 ]
		Color 0
		U0 0.974311
		V0 0.226372
		U1 0.000000
		V1 0.000000
	Vertex
		Position [ -121.637444 -122.911400 -858.369812 ]
		Normal [ 0.000000 0.001484 0.999999 ]
		Tangent [ -1.000000 -0.000004 0.000000 ]
		Color 0
		U0 0.974311
		V0 0.259248
		U1 0.000000
		V1 0.000000
	Vertex
		Position [ -95.569946 141.756104 -858.762573 ]
		Normal [ 0.000000 0.001484 0.999999 ]
		Tangent [ -1.000000 -0.000001 0.000000 ]
		Color 0
		U0 0.970789
		V0 0.223481
		U1 0.000000
		V1 0.000000
	Vertex
		Position [ -95.569946 -144.304428 -858.338074 ]
		Normal [ 0.000000 0.001484 0.999999 ]
		Tangent [ -1.000000 0.000022 0.000000 ]
		Color 0
		U0 0.970789
		V0 0.262139
		U1 0.000000
		V1 0.000000
	Vertex
		Position [ -65.829742 157.652557 -858.786194 ]
		Normal [ 0.000000 0.001484 0.999999 ]
		Tangent [ -1.000000 -0.000016 0.000000 ]
		Color 0
		U0 0.966770
		V0 0.221333
		U1 0.000000
		V1 0.000000
	Vertex
		Position [ -65.829742 -160.200867 -858.314453 ]
		Normal [ 0.000000 0.001484 0.999999 ]
		Tangent [ -1.000000 -0.000007 0.000000 ]
		Color 0
		U0 0.966770
		V0 0.264287
		U1 0.000000
		V1 0.000000
	Vertex
		Position [ -33.559750 167.441544 -858.800720 ]
		Normal [ 0.000000 0.001484 0.999999 ]
		Tangent [ -1.000000 0.000084 0.000000 ]
		Color 0
		U0 0.962409
		V0 0.220010
		U1 0.000000
		V1 0.000000
	Vertex
		Position [ -33.559750 -169.989853 -858.299927 ]
		Normal [ 0.000000 0.001484 0.999999 ]
		Tangent [ -1.000000 0.000052 0.000000 ]
		Color 0
		U0 0.962409
		V0 0.265610
		U1 0.000000
		V1 0.000000
	Vertex
		Position [ -0.000075 170.746872 -858.805603 ]
		Normal [ 0.000000 0.001484 0.999999 ]
		Tangent [ -1.000000 -0.000048 0.000000 ]
		Color 0
		U0 0.957874
		V0 0.219563
		U1 0.000000
		V1 0.000000
	Vertex
		Position [ -0.000075 -173.295197 -858.295044 ]
		Normal [ 0.000000 0.001484 0.999999 ]
		Tangent [ -1.000000 0.000022 0.000000 ]
		Color 0
		U0 0.957874
		V0 0.266056
		U1 0.000000
		V1 0.000000
	Vertex
		Position [ 33.559597 167.441544 -858.800720 ]
		Normal [ 0.000000 0.001484 0.999999 ]
		Tangent [ -1.000000 -0.000027 0.000000 ]
		Color 0
		U0 0.953338
		V0 0.220010
		U1 0.000000
		V1 0.000000
	Vertex
		Position [ 33.559597 -169.989853 -858.299927 ]
		Normal [ 0.000000 0.001484 0.999999 ]
		Tangent [ -1.000000 -0.000061 0.000000 ]
		Color 0
		U0 0.953338
		V0 0.265610
		U1 0.000000
		V1 0.000000
	Vertex
		Position [ 65.829590 157.652557 -858.786194 ]
		Normal [ 0.000000 0.001484 0.999999 ]
		Tangent [ -1.000000 -0.000012 0.000000 ]
		Color 0
		U0 0.948977
		V0 0.221333
		U1 0.000000
		V1 0.000000
	Vertex
		Position [ 65.829590 -160.200867 -858.314453 ]
		Normal [ 0.000000 0.001484 0.999999 ]
		Tangent [ -1.000000 -0.000025 0.000000 ]
		Color 0
		U0 0.948977
		V0 0.264287
		U1 0.000000
		V1 0.000000
	Vertex
		Position [ 95.569794 141.756104 -858.762573 ]
		Normal [ 0.000000 0.001484 0.999999 ]
		Tangent [ -1.000000 0.000022 0.000000 ]
		Color 0
		U0 0.944958
		V0 0.223481
		U1 0.000000
		V1 0.000000
	Vertex
		Position [ 95.569794 -144.304428 -858.338074 ]
		Normal [ 0.000000 0.001484 0.999999 ]
		Tangent [ -1.000000 -0.000001 0.000000 ]
		Color 0
		U0 0.944958
		V0 0.262139
		U1 0.000000
		V1 0.000000
	Vertex
		Position [ 121.637291 120.363083 -858.730835 ]
		Normal [ 0.000000 0.001484 0.999999 ]
		Tangent [ -1.000000 -0.000004 0.000000 ]
		Color 0
		U0 0.941436
		V0 0.226372
		U1 0.000000
		V1 0.000000
	Vertex
		Position [ 121.637291 -122.911400 -858.369812 ]
		Normal [ 0.000000 0.001484 0.999999 ]
		Tangent [ -1.000000 0.000029 0.000000 ]
		Color 0
		U0 0.941436
		V0 0.259248
		U1 0.000000
		V1 0.000000
	Vertex
		Position [ 143.030334 94.295609 -858.692139 ]
		Normal [ 0.000000 0.001484 0.999999 ]
		Tangent [ -1.000000 -0.000038 0.000000 ]
		Color 0
		U0 0.938545
		V0 0.229895
		U1 0.000000
		V1 0.000000
	Vertex
		Position [ 143.030334 -96.843925 -858.408508 ]
		Normal [ 0.000000 0.001484 0.999999 ]
		Tangent [ -1.000000 -0.000004 0.000000 ]
		Color 0
		U0 0.938545
		V0 0.255725
		U1 0.000000
		V1 0.000000
	Vertex
		Position [ 158.926804 64.555443 -858.648010 ]
		Normal [ 0.000002 0.001484 0.999999 ]
		Tangent [ -1.000000 -0.000026 0.000002 ]
		Color 0
		U0 0.936396
		V0 0.233914
		U1 0.000000
		V1 0.000000
	Vertex
		Position [ 158.926804 -67.103760 -858.452637 ]
		Normal [ 0.000001 0.001484 0.999999 ]
		Tangent [ -1.000000 0.000043 0.000001 ]
		Color 0
		U0 0.936396
		V0 0.251706
		U1 0.000000
		V1 0.000000
	Vertex
		Position [ 168.715805 32.285480 -858.600159 ]
		Normal [ 0.000002 0.001484 0.999999 ]
		Tangent [ -1.000000 -0.000132 0.000002 ]
		Color 0
		U0 0.935074
		V0 0.238275
		U1 0.000000
		V1 0.000000
	Vertex
		Position [ 168.715805 -34.833797 -858.500549 ]
		Normal [ 0.000002 0.001484 0.999999 ]
		Tangent [ -1.000000 -0.000043 0.000002 ]
		Color 0
		U0 0.935074
		V0 0.247345
		U1 0.000000
		V1 0.000000
	Vertex
		Position [ 172.021133 -1.274158 -858.550354 ]
		Normal [ 0.000000 0.001484 0.999999 ]
		Tangent [ -1.000000 -0.000067 0.000000 ]
		Color 0
		U0 0.934627
		V0 0.242810
		U1 0.000000
		V1 0.000000
	Vertex
		Position [ -173.365845 1.261458 849.992371 ]
		Normal [ -0.000009 -0.001484 -0.999999 ]
		Tangent [ 0.999999 0.001192 -0.000011 ]
		Color 0
		U0 0.934648
		V0 0.294786
		U1 0.000000
		V1 0.000000
	Vertex
		Position [ -170.034668 -32.560520 850.042542 ]
		Normal [ -0.000001 -0.001484 -0.999999 ]
		Tangent [ 1.000000 0.000377 -0.000001 ]
		Color 0
		U0 0.935098
		V0 0.299357
		U1 0.000000
		V1 0.000000
	Vertex
		Position [ -170.034668 35.083435 849.942139 ]
		Normal [ -0.000002 -0.001484 -0.999999 ]
		Tangent [ 1.000000 0.000534 -0.000003 ]
		Color 0
		U0 0.935098
		V0 0.290216
		U1 0.000000
		V1 0.000000
	Vertex
		Position [ -160.169144 -65.082741 850.090820 ]
		Normal [ 0.000001 -0.001484 -0.999999 ]
		Tangent [ 1.000000 -0.000142 0.000001 ]
		Color 0
		U0 0.936431
		V0 0.303752
		U1 0.000000
		V1 0.000000
	Vertex
		Position [ -160.169144 67.605652 849.893921 ]
		Normal [ 0.000002 -0.001484 -0.999999 ]
		Tangent [ 1.000000 -0.000120 0.000002 ]
		Color 0
		U0 0.936431
		V0 0.285821
		U1 0.000000
		V1 0.000000
	Vertex
		Position [ -144.148422 -95.055382 850.135315 ]
		Normal [ -0.000001 -0.001484 -0.999999 ]
		Tangent [ 1.000000 0.000046 -0.000001 ]
		Color 0
		U0 0.938596
		V0 0.307802
		U1 0.000000
		V1 0.000000
	Vertex
		Position [ -144.148422 97.578300 849.849426 ]
		Normal [ -0.000000 -0.001484 -0.999999 ]
		Tangent [ 1.000000 -0.000135 -0.000000 ]
		Color 0
		U0 0.938596
		V0 0.281770
		U1 0.000000
		V1 0.000000
	Vertex
		Position [ -122.588142 -121.326630 850.174255 ]
		Normal [ -0.000000 -0.001484 -0.999999 ]
		Tangent [ 1.000000 -0.000011 -0.000000 ]
		Color 0
		U0 0.941510
		V0 0.311353
		U1 0.000000
		V1 0.000000
	Vertex
		Position [ -122.588142 123.849548 849.810425 ]
		Normal [ -0.000001 -0.001484 -0.999999 ]
		Tangent [ 1.000000 0.000075 -0.000001 ]
		Color 0
		U0 0.941510
		V0 0.278220
		U1 0.000000
		V1 0.000000
	Vertex
		Position [ -96.316864 -142.886887 850.206299 ]
		Normal [ -0.000000 -0.001484 -0.999999 ]
		Tangent [ 1.000000 -0.000058 -0.000000 ]
		Color 0
		U0 0.945060
		V0 0.314266
		U1 0.000000
		V1 0.000000
	Vertex
		Position [ -96.316864 145.409805 849.778442 ]
		Normal [ -0.000000 -0.001484 -0.999999 ]
		Tangent [ 1.000000 -0.000088 0.000001 ]
		Color 0
		U0 0.945060
		V0 0.275306
		U1 0.000000
		V1 0.000000
	Vertex
		Position [ -66.344193 -158.907593 850.230042 ]
		Normal [ -0.000000 -0.001484 -0.999999 ]
		Tangent [ 1.000000 0.000071 -0.000000 ]
		Color 0
		U0 0.949110
		V0 0.316431
		U1 0.000000
		V1 0.000000
	Vertex
		Position [ -66.344193 161.430511 849.754639 ]
		Normal [ -0.000001 -0.001484 -0.999999 ]
		Tangent [ 1.000000 0.000016 -0.000001 ]
		Color 0
		U0 0.949110
		V0 0.273141
		U1 0.000000
		V1 0.000000
	Vertex
		Position [ -33.821941 -168.773102 850.244690 ]
		Normal [ -0.000000 -0.001484 -0.999999 ]
		Tangent [ 1.000000 0.000060 -0.000000 ]
		Color 0
		U0 0.953505
		V0 0.317765
		U1 0.000000
		V1 0.000000
	Vertex
		Position [ -33.821941 171.296021 849.739990 ]
		Normal [ -0.000000 -0.001484 -0.999999 ]
		Tangent [ 1.000000 0.000087 -0.000000 ]
		Color 0
		U0 0.953505
		V0 0.271808
		U1 0.000000
		V1 0.000000
	Vertex
		Position [ 0.000074 -172.104279 850.249634 ]
		Normal [ -0.000000 -0.001484 -0.999999 ]
		Tangent [ 1.000000 -0.000011 -0.000000 ]
		Color 0
		U0 0.958076
		V0 0.318215
		U1 0.000000
		V1 0.000000
	Vertex
		Position [ 0.000074 174.627182 849.735046 ]
		Normal [ -0.000000 -0.001484 -0.999999 ]
		Tangent [ 1.000000 -0.000011 -0.000000 ]
		Color 0
		U0 0.958076
		V0 0.271358
		U1 0.000000
		V1 0.000000
	Vertex
		Position [ 33.822086 -168.773102 850.244690 ]
		Normal [ -0.000000 -0.001484 -0.999999 ]
		Tangent [ 1.000000 -0.000066 -0.000000 ]
		Color 0
		U0 0.962647
		V0 0.317765
		U1 0.000000
		V1 0.000000
	Vertex
		Position [ 33.822086 171.296021 849.739990 ]
		Normal [ -0.000000 -0.001484 -0.999999 ]
		Tangent [ 1.000000 -0.000017 -0.000000 ]
		Color 0
		U0 0.962647
		V0 0.271808
		U1 0.000000
		V1 0.000000
	Vertex
		Position [ 66.344345 -158.907593 850.230042 ]
		Normal [ 0.000001 -0.001484 -0.999999 ]
		Tangent [ 1.000000 -0.000060 0.000001 ]
		Color 0
		U0 0.967042
		V0 0.316431
		U1 0.000000
		V1 0.000000
	Vertex
		Position [ 66.344345 161.430511 849.754639 ]
		Normal [ -0.000000 -0.001484 -0.999999 ]
		Tangent [ 1.000000 -0.000082 -0.000000 ]
		Color 0
		U0 0.967042
		V0 0.273141
		U1 0.000000
		V1 0.000000
	Vertex
		Position [ 96.317017 -142.886887 850.206299 ]
		Normal [ -0.000000 -0.001484 -0.999999 ]
		Tangent [ 1.000000 0.000102 -0.000001 ]
		Color 0
		U0 0.971092
		V0 0.314266
		U1 0.000000
		V1 0.000000
	Vertex
		Position [ 96.317017 145.409805 849.778442 ]
		Normal [ -0.000000 -0.001484 -0.999999 ]
		Tangent [ 1.000000 0.000037 -0.000000 ]
		Color 0
		U0 0.971092
		V0 0.275306
		U1 0.000000
		V1 0.000000
	Vertex
		Position [ 122.588295 -121.326630 850.174255 ]
		Normal [ -0.000000 -0.001484 -0.999999 ]
		Tangent [ 1.000000 -0.000062 -0.000000 ]
		Color 0
		U0 0.974642
		V0 0.311353
		U1 0.000000
		V1 0.000000
	Vertex
		Position [ 122.588295 123.849548 849.810425 ]
		Normal [ -0.000001 -0.001484 -0.999999 ]
		Tangent [ 1.000000 0.000063 -0.000001 ]
		Color 0
		U0 0.974642
		V0 0.278220
		U1 0.000000
		V1 0.000000
	Vertex
		Position [ 144.148575 -95.055382 850.135315 ]
		Normal [ 0.000001 -0.001484 -0.999999 ]
		Tangent [ 1.000000 0.000060 0.000001 ]
		Color 0
		U0 0.977556
		V0 0.307802
		U1 0.000000
		V1 0.000000
	Vertex
		Position [ 144.148575 97.578300 849.849426 ]
		Normal [ 0.000001 -0.001484 -0.999999 ]
		Tangent [ 1.000000 -0.000030 0.000001 ]
		Color 0
		U0 0.977556
		V0 0.281770
		U1 0.000000
		V1 0.000000
	Vertex
		Position [ 160.169296 -65.082741 850.090820 ]
		Normal [ -0.000002 -0.001484 -0.999999 ]
		Tangent [ 1.000000 0.000037 -0.000002 ]
		Color 0
		U0 0.979721
		V0 0.303752
		U1 0.000000
		V1 0.000000
	Vertex
		Position [ 160.169296 67.605652 849.893921 ]
		Normal [ -0.000002 -0.001484 -0.999999 ]
		Tangent [ 1.000000 0.000170 -0.000002 ]
		Color 0
		U0 0.979721
		V0 0.285821
		U1 0.000000
		V1 0.000000
	Vertex
		Position [ 170.034821 -32.560520 850.042542 ]
		Normal [ 0.000004 -0.001484 -0.999999 ]
		Tangent [ 1.000000 -0.000658 0.000005 ]
		Color 0
		U0 0.981054
		V0 0.299357
		U1 0.000000
		V1 0.000000
	Vertex
		Position [ 170.034821 35.083435 849.942139 ]
		Normal [ 0.000001 -0.001484 -0.999999 ]
		Tangent [ 1.000000 -0.000417 0.000002 ]
		Color 0
		U0 0.981054
		V0 0.290216
		U1 0.000000
		V1 0.000000
	Vertex
		Position [ 173.365997 1.261458 849.992371 ]
		Normal [ 0.000009 -0.001484 -0.999999 ]
		Tangent [ 0.999999 -0.001192 0.000011 ]
		Color 0
		U0 0.981504
		V0 0.294786
		U1 0.000000
		V1 0.000000
	Vertex
		Position [ -7.159641 897.036865 -4.854520 ]
		Normal [ -0.000000 0.999999 -0.001484 ]
		Tangent [ -1.000000 0.000000 0.000006 ]
		Color 0
		U0 0.129643
		V0 0.877808
		U1 0.000000
		V1 0.000000
	Vertex
		Position [ -163.096085 881.272949 -38.574291 ]
		Normal [ -0.343497 0.936096 -0.075718 ]
		Tangent [ -0.923535 -0.381681 -0.037460 ]
		Color 0
		U0 0.150428
		V0 0.873483
		U1 0.000000
		V1 0.000000
	Vertex
		Position [ -153.516846 881.228760 -68.347580 ]
		Normal [ -0.322396 0.935999 -0.141304 ]
		Tangent [ -0.929903 -0.365983 -0.036561 ]
		Color 0
		U0 0.149104
		V0 0.869479
		U1 0.000000
		V1 0.000000
	Vertex
		Position [ -166.682755 881.319031 -7.504269 ]
		Normal [ -0.351397 0.936198 -0.007277 ]
		Tangent [ -0.922338 -0.384535 -0.037758 ]
		Color 0
		U0 0.150946
		V0 0.877661
		U1 0.000000
		V1 0.000000
	Vertex
		Position [ -164.139069 881.365295 23.668478 ]
		Normal [ -0.345794 0.936300 0.061389 ]
		Tangent [ -0.943049 -0.331039 -0.032739 ]
		Color 0
		U0 0.150638
		V0 0.881852
		U1 0.000000
		V1 0.000000
	Vertex
		Position [ -155.562729 881.409973 53.746002 ]
		Normal [ -0.326903 0.936398 0.127645 ]
		Tangent [ -0.932050 -0.360566 -0.035715 ]
		Color 0
		U0 0.149517
		V0 0.885896
		U1 0.000000
		V1 0.000000
	Vertex
		Position [ -141.283356 881.451233 81.572426 ]
		Normal [ -0.295448 0.936489 0.188941 ]
		Tangent [ -0.943465 -0.329872 -0.032523 ]
		Color 0
		U0 0.147626
		V0 0.889638
		U1 0.000000
		V1 0.000000
	Vertex
		Position [ -121.849670 881.487610 106.078415 ]
		Normal [ -0.252640 0.936569 0.242923 ]
		Tangent [ -0.952455 -0.303244 -0.029537 ]
		Color 0
		U0 0.145036
		V0 0.892933
		U1 0.000000
		V1 0.000000
	Vertex
		Position [ -98.008514 881.517639 126.322212 ]
		Normal [ -0.200122 0.936635 0.287516 ]
		Tangent [ -0.976445 -0.214810 -0.020276 ]
		Color 0
		U0 0.141849
		V0 0.895655
		U1 0.000000
		V1 0.000000
	Vertex
		Position [ -70.676086 881.540222 141.525848 ]
		Normal [ -0.139915 0.936685 0.321007 ]
		Tangent [ -0.988933 -0.147749 -0.013472 ]
		Color 0
		U0 0.138185
		V0 0.897699
		U1 0.000000
		V1 0.000000
	Vertex
		Position [ -40.902771 881.554443 151.105072 ]
		Normal [ -0.074330 0.936716 0.342108 ]
		Tangent [ -0.997287 -0.073324 -0.006434 ]
		Color 0
		U0 0.134186
		V0 0.898988
		U1 0.000000
		V1 0.000000
	Vertex
		Position [ -9.832712 881.559753 154.691757 ]
		Normal [ -0.005888 0.936728 0.350008 ]
		Tangent [ -0.999983 -0.005819 -0.000539 ]
		Color 0
		U0 0.130006
		V0 0.899470
		U1 0.000000
		V1 0.000000
	Vertex
		Position [ 21.340067 881.555969 152.148056 ]
		Normal [ 0.062779 0.936720 0.344406 ]
		Tangent [ -0.998180 0.060064 0.005373 ]
		Color 0
		U0 0.125805
		V0 0.899128
		U1 0.000000
		V1 0.000000
	Vertex
		Position [ 51.417618 881.543274 143.571747 ]
		Normal [ 0.129034 0.936691 0.325515 ]
		Tangent [ -0.990703 0.135488 0.012271 ]
		Color 0
		U0 0.121745
		V0 0.897975
		U1 0.000000
		V1 0.000000
	Vertex
		Position [ 79.244072 881.522095 129.292374 ]
		Normal [ 0.190331 0.936645 0.294059 ]
		Tangent [ -0.978769 0.204098 0.018871 ]
		Color 0
		U0 0.117982
		V0 0.896055
		U1 0.000000
		V1 0.000000
	Vertex
		Position [ 103.750092 881.493225 109.858711 ]
		Normal [ 0.244313 0.936581 0.251250 ]
		Tangent [ -0.955418 0.293869 0.028587 ]
		Color 0
		U0 0.114660
		V0 0.893441
		U1 0.000000
		V1 0.000000
	Vertex
		Position [ 123.993904 881.457825 86.017578 ]
		Normal [ 0.288906 0.936503 0.198733 ]
		Tangent [ -0.945719 0.323417 0.031874 ]
		Color 0
		U0 0.111907
		V0 0.890236
		U1 0.000000
		V1 0.000000
	Vertex
		Position [ 139.197556 881.417297 58.685184 ]
		Normal [ 0.322396 0.936414 0.138525 ]
		Tangent [ -0.933746 0.356205 0.035167 ]
		Color 0
		U0 0.109829
		V0 0.886561
		U1 0.000000
		V1 0.000000
	Vertex
		Position [ 148.776794 881.373108 28.911890 ]
		Normal [ 0.343498 0.936317 0.072940 ]
		Tangent [ -0.925571 0.376744 0.037174 ]
		Color 0
		U0 0.108505
		V0 0.882557
		U1 0.000000
		V1 0.000000
	Vertex
		Position [ 152.363480 881.326965 -2.158131 ]
		Normal [ 0.351398 0.936215 0.004498 ]
		Tangent [ -0.940719 0.337529 0.033484 ]
		Color 0
		U0 0.107987
		V0 0.878379
		U1 0.000000
		V1 0.000000
	Vertex
		Position [ 149.819778 881.280701 -33.330875 ]
		Normal [ 0.345795 0.936113 -0.064168 ]
		Tangent [ -0.922956 0.383070 0.037546 ]
		Color 0
		U0 0.108294
		V0 0.874188
		U1 0.000000
		V1 0.000000
	Vertex
		Position [ 141.243454 881.236084 -63.408394 ]
		Normal [ 0.326903 0.936015 -0.130424 ]
		Tangent [ -0.928480 0.369572 0.036638 ]
		Color 0
		U0 0.109415
		V0 0.870144
		U1 0.000000
		V1 0.000000
	Vertex
		Position [ 126.964073 881.194763 -91.234833 ]
		Normal [ 0.295448 0.935924 -0.191719 ]
		Tangent [ -0.938680 0.342984 0.035238 ]
		Color 0
		U0 0.111307
		V0 0.866402
		U1 0.000000
		V1 0.000000
	Vertex
		Position [ 107.530388 881.158447 -115.740807 ]
		Normal [ 0.252639 0.935844 -0.245701 ]
		Tangent [ -0.946166 0.321832 0.034557 ]
		Color 0
		U0 0.113896
		V0 0.863107
		U1 0.000000
		V1 0.000000
	Vertex
		Position [ 83.689232 881.128357 -135.984604 ]
		Normal [ 0.200122 0.935778 -0.290294 ]
		Tangent [ -0.972619 0.230802 0.027251 ]
		Color 0
		U0 0.117084
		V0 0.860385
		U1 0.000000
		V1 0.000000
	Vertex
		Position [ 56.356812 881.105835 -151.188248 ]
		Normal [ 0.139914 0.935728 -0.323785 ]
		Tangent [ -0.986810 0.160625 0.020135 ]
		Color 0
		U0 0.120748
		V0 0.858341
		U1 0.000000
		V1 0.000000
	Vertex
		Position [ 26.583485 881.091614 -160.767471 ]
		Normal [ 0.074330 0.935697 -0.344887 ]
		Tangent [ -0.996715 0.080307 0.010455 ]
		Color 0
		U0 0.124746
		V0 0.857052
		U1 0.000000
		V1 0.000000
	Vertex
		Position [ -4.486569 881.086304 -164.354156 ]
		Normal [ 0.005888 0.935685 -0.352788 ]
		Tangent [ -0.999983 -0.005670 -0.000961 ]
		Color 0
		U0 0.128926
		V0 0.856570
		U1 0.000000
		V1 0.000000
	Vertex
		Position [ -35.659351 881.090027 -161.810455 ]
		Normal [ -0.062780 0.935693 -0.347184 ]
		Tangent [ -0.997696 -0.067231 -0.009055 ]
		Color 0
		U0 0.133127
		V0 0.856912
		U1 0.000000
		V1 0.000000
	Vertex
		Position [ -65.736900 881.102783 -153.234131 ]
		Normal [ -0.129034 0.935721 -0.328292 ]
		Tangent [ -0.988879 -0.147544 -0.018674 ]
		Color 0
		U0 0.137187
		V0 0.858065
		U1 0.000000
