TXT
MeshData
	maxDiffuseMipLevel 0
	hasValidTangents TRUE
	BoundingRadius 3486.686035
	MaxBoundingExtents [ 902.149841 897.036865 2016.959229 ]
	MinBoundingExtents [ -3162.614990 -908.400085 -2010.736450 ]
	NumMaterials 1
	Material
		DiffuseTextureFileName "ge_garmisch_diffuse.dds"
		SelfIlluminationTextureFileName "ge_garmisch_data.dds"
		NormalTextureFileName "ge_garmisch_bump.dds"
		DisplacementTextureFileName ""
		TeamColorTextureFileName ""
		Diffuse ffffffff
		Ambient ffffffff
		Specular ffffffff
		Emissive ffffffff
		Glossiness 10.000000
	NumPoints 92
	Point
		DataString "Center"
		Position [ 0.000000 0.000000 0.000000 ]
		Orientation
			 [ 1.000000 0.000000 -0.000000 ]
			 [ 0.000000 1.000000 -0.000000 ]
			 [ -0.000000 -0.000000 1.000000 ]
	Point
		DataString "Above"
		Position [ 0.000000 100.000000 0.000000 ]
		Orientation
			 [ 1.000000 0.000000 -0.000000 ]
			 [ 0.000000 1.000000 -0.000000 ]
			 [ -0.000000 -0.000000 1.000000 ]
	Point
		DataString "Aura"
		Position [ 0.000000 -100.000000 0.000000 ]
		Orientation
			 [ 1.000000 0.000000 -0.000000 ]
			 [ 0.000000 1.000000 -0.000000 ]
			 [ -0.000000 -0.000000 1.000000 ]
	Point
		DataString "Hangar"
		Position [ -1390.273071 0.000000 -850.267822 ]
		Orientation
			 [ 0.906308 0.000000 0.422618 ]
			 [ 0.000000 -1.000000 -0.000000 ]
			 [ 0.422618 0.000000 -0.906308 ]
	Point
		DataString "Hangar"
		Position [ -1354.020752 0.000000 -833.363037 ]
		Orientation
			 [ 0.906308 0.000000 0.422618 ]
			 [ 0.000000 -1.000000 -0.000000 ]
			 [ 0.422618 0.000000 -0.906308 ]
	Point
		DataString "Hangar"
		Position [ -1317.768433 0.000000 -816.458374 ]
		Orientation
			 [ 0.906308 0.000000 0.422618 ]
			 [ 0.000000 -1.000000 -0.000000 ]
			 [ 0.422618 0.000000 -0.906308 ]
	Point
		DataString "Hangar"
		Position [ -1281.516113 0.000000 -799.553589 ]
		Orientation
			 [ 0.906308 0.000000 0.422618 ]
			 [ 0.000000 -1.000000 -0.000000 ]
			 [ 0.422618 0.000000 -0.906308 ]
	Point
		DataString "Hangar"
		Position [ -1245.263916 0.000000 -782.648804 ]
		Orientation
			 [ 0.906308 0.000000 0.422618 ]
			 [ 0.000000 -1.000000 -0.000000 ]
			 [ 0.422618 0.000000 -0.906308 ]
	Point
		DataString "Hangar"
		Position [ -1209.011597 0.000000 -765.744141 ]
		Orientation
			 [ 0.906308 0.000000 0.422618 ]
			 [ 0.000000 -1.000000 -0.000000 ]
			 [ 0.422618 0.000000 -0.906308 ]
	Point
		DataString "Hangar"
		Position [ -1172.759277 0.000000 -748.839355 ]
		Orientation
			 [ 0.906308 0.000000 0.422618 ]
			 [ 0.000000 -1.000000 -0.000000 ]
			 [ 0.422618 0.000000 -0.906308 ]
	Point
		DataString "Hangar"
		Position [ -1136.506958 0.000000 -731.934692 ]
		Orientation
			 [ 0.906308 0.000000 0.422618 ]
			 [ 0.000000 -1.000000 -0.000000 ]
			 [ 0.422618 0.000000 -0.906308 ]
	Point
		DataString "Hangar"
		Position [ -2677.829102 0.000000 -146.943085 ]
		Orientation
			 [ -0.000000 0.000000 1.000000 ]
			 [ 0.000000 1.000000 -0.000000 ]
			 [ -1.000000 -0.000000 -0.000000 ]
	Point
		DataString "Weapon-1"
		Position [ -2803.542725 0.000000 649.999390 ]
		Orientation
			 [ -0.866025 0.000000 0.500000 ]
			 [ 0.000000 1.000000 -0.000000 ]
			 [ -0.500000 -0.000000 -0.866025 ]
	Point
		DataString "Hangar"
		Position [ -2677.829102 0.000008 -106.943069 ]
		Orientation
			 [ -0.000000 0.000000 1.000000 ]
			 [ 0.000000 1.000000 -0.000000 ]
			 [ -1.000000 -0.000000 -0.000000 ]
	Point
		DataString "Weapon-1"
		Position [ -3168.042725 0.000000 1281.331787 ]
		Orientation
			 [ -0.000000 0.000000 1.000000 ]
			 [ 0.000000 1.000000 -0.000000 ]
			 [ -1.000000 -0.000000 -0.000000 ]
	Point
		DataString "Hangar"
		Position [ -2677.829102 0.000000 -66.943069 ]
		Orientation
			 [ -0.000000 0.000000 1.000000 ]
			 [ 0.000000 1.000000 -0.000000 ]
			 [ -1.000000 -0.000000 -0.000000 ]
	Point
		DataString "Weapon-1"
		Position [ -2803.542480 0.000000 1912.664429 ]
		Orientation
			 [ 0.866025 0.000000 0.500000 ]
			 [ 0.000000 1.000000 -0.000000 ]
			 [ -0.500000 -0.000000 0.866025 ]
	Point
		DataString "Hangar"
		Position [ -2677.829102 0.000002 -26.943073 ]
		Orientation
			 [ -0.000000 0.000000 1.000000 ]
			 [ 0.000000 1.000000 -0.000000 ]
			 [ -1.000000 -0.000000 -0.000000 ]
	Point
		DataString "Weapon-1"
		Position [ -2074.542480 0.000000 1912.664429 ]
		Orientation
			 [ 0.866025 0.000000 -0.500000 ]
			 [ 0.000000 1.000000 -0.000000 ]
			 [ 0.500000 -0.000000 0.866025 ]
	Point
		DataString "Hangar"
		Position [ -2677.829102 -0.000001 13.056926 ]
		Orientation
			 [ -0.000000 0.000000 1.000000 ]
			 [ 0.000000 1.000000 -0.000000 ]
			 [ -1.000000 -0.000000 -0.000000 ]
	Point
		DataString "Weapon-1"
		Position [ -1710.042603 0.000000 1281.331665 ]
		Orientation
			 [ -0.000000 0.000000 -1.000000 ]
			 [ 0.000000 1.000000 -0.000000 ]
			 [ 1.000000 -0.000000 -0.000000 ]
	Point
		DataString "Hangar"
		Position [ -2677.829102 -0.000004 53.056927 ]
		Orientation
			 [ -0.000000 0.000000 1.000000 ]
			 [ 0.000000 1.000000 -0.000000 ]
			 [ -1.000000 -0.000000 -0.000000 ]
	Point
		DataString "Weapon-1"
		Position [ -2074.542725 0.000000 -1908.541016 ]
		Orientation
			 [ -0.866025 0.000000 -0.500000 ]
			 [ 0.000000 1.000000 -0.000000 ]
			 [ 0.500000 -0.000000 -0.866025 ]
	Point
		DataString "Hangar"
		Position [ -2677.829102 -0.000008 93.056931 ]
		Orientation
			 [ -0.000000 0.000000 1.000000 ]
			 [ 0.000000 1.000000 -0.000000 ]
			 [ -1.000000 -0.000000 -0.000000 ]
	Point
		DataString "Weapon-1"
		Position [ -2803.542969 0.000000 -1908.541138 ]
		Orientation
			 [ -0.866025 0.000000 0.500000 ]
			 [ 0.000000 1.000000 -0.000000 ]
			 [ -0.500000 -0.000000 -0.866025 ]
	Point
		DataString "Hangar"
		Position [ -2677.829102 0.000000 133.056915 ]
		Orientation
			 [ -0.000000 0.000000 1.000000 ]
			 [ 0.000000 1.000000 -0.000000 ]
			 [ -1.000000 -0.000000 -0.000000 ]
	Point
		DataString "Weapon-1"
		Position [ -3168.042725 0.000000 -1277.208740 ]
		Orientation
			 [ -0.000000 0.000000 1.000000 ]
			 [ 0.000000 1.000000 -0.000000 ]
			 [ -1.000000 -0.000000 -0.000000 ]
	Point
		DataString "Hangar"
		Position [ -1390.272827 0.000000 850.267944 ]
		Orientation
			 [ 0.906308 0.000000 -0.422618 ]
			 [ 0.000000 1.000000 -0.000000 ]
			 [ 0.422618 -0.000000 0.906308 ]
	Point
		DataString "Weapon-1"
		Position [ -2803.542725 0.000000 -645.876099 ]
		Orientation
			 [ 0.866025 0.000000 0.500000 ]
			 [ 0.000000 1.000000 -0.000000 ]
			 [ -0.500000 -0.000000 0.866025 ]
	Point
		DataString "Hangar"
		Position [ -1354.020508 0.000000 833.363159 ]
		Orientation
			 [ 0.906308 0.000000 -0.422618 ]
			 [ 0.000000 1.000000 -0.000000 ]
			 [ 0.422618 -0.000000 0.906308 ]
	Point
		DataString "Weapon-1"
		Position [ -1710.042847 0.000000 -1277.208862 ]
		Orientation
			 [ -0.000000 0.000000 -1.000000 ]
			 [ 0.000000 1.000000 -0.000000 ]
			 [ 1.000000 -0.000000 -0.000000 ]
	Point
		DataString "Hangar"
		Position [ -1317.768188 0.000000 816.458496 ]
		Orientation
			 [ 0.906308 0.000000 -0.422618 ]
			 [ 0.000000 1.000000 -0.000000 ]
			 [ 0.422618 -0.000000 0.906308 ]
	Point
		DataString "Weapon-1"
		Position [ 450.000305 0.000000 -779.422668 ]
		Orientation
			 [ -0.866025 0.000000 -0.500000 ]
			 [ 0.000000 1.000000 -0.000000 ]
			 [ 0.500000 -0.000000 -0.866025 ]
	Point
		DataString "Hangar"
		Position [ -1281.515869 0.000000 799.553711 ]
		Orientation
			 [ 0.906308 0.000000 -0.422618 ]
			 [ 0.000000 1.000000 -0.000000 ]
			 [ 0.422618 -0.000000 0.906308 ]
	Point
		DataString "Weapon-1"
		Position [ -450.000122 0.000000 -779.422791 ]
		Orientation
			 [ -0.866025 0.000000 0.500000 ]
			 [ 0.000000 1.000000 -0.000000 ]
			 [ -0.500000 -0.000000 -0.866025 ]
	Point
		DataString "Hangar"
		Position [ -1245.263672 0.000000 782.648926 ]
		Orientation
			 [ 0.906308 0.000000 -0.422618 ]
			 [ 0.000000 1.000000 -0.000000 ]
			 [ 0.422618 -0.000000 0.906308 ]
	Point
		DataString "Weapon-1"
		Position [ -450.000000 0.000000 779.422913 ]
		Orientation
			 [ 0.866025 0.000000 0.500000 ]
			 [ 0.000000 1.000000 -0.000000 ]
			 [ -0.500000 -0.000000 0.866025 ]
	Point
		DataString "Hangar"
		Position [ -1209.011353 0.000000 765.744263 ]
		Orientation
			 [ 0.906308 0.000000 -0.422618 ]
			 [ 0.000000 1.000000 -0.000000 ]
			 [ 0.422618 -0.000000 0.906308 ]
	Point
		DataString "Weapon-1"
		Position [ 449.999969 0.000000 779.422852 ]
		Orientation
			 [ 0.866025 0.000000 -0.500000 ]
			 [ 0.000000 1.000000 -0.000000 ]
			 [ 0.500000 -0.000000 0.866025 ]
	Point
		DataString "Hangar"
		Position [ -1172.759033 0.000000 748.839478 ]
		Orientation
			 [ 0.906308 0.000000 -0.422618 ]
			 [ 0.000000 1.000000 -0.000000 ]
			 [ 0.422618 -0.000000 0.906308 ]
	Point
		DataString "Weapon-1"
		Position [ 900.000000 0.000000 -0.000227 ]
		Orientation
			 [ -0.000000 0.000000 -1.000000 ]
			 [ 0.000000 1.000000 -0.000000 ]
			 [ 1.000000 -0.000000 -0.000000 ]
	Point
		DataString "Hangar"
		Position [ -1136.506714 0.000000 731.934814 ]
		Orientation
			 [ 0.906308 0.000000 -0.422618 ]
			 [ 0.000000 1.000000 -0.000000 ]
			 [ 0.422618 -0.000000 0.906308 ]
	Point
		DataString "Weapon-0"
		Position [ -4.632611 5.691446 900.000000 ]
		Orientation
			 [ 1.000000 0.000000 -0.000000 ]
			 [ 0.000000 1.000000 -0.000000 ]
			 [ -0.000000 -0.000000 1.000000 ]
	Point
		DataString "Weapon-0"
		Position [ -4.632611 -5.691446 900.000000 ]
		Orientation
			 [ 1.000000 0.000000 -0.000000 ]
			 [ 0.000000 1.000000 -0.000000 ]
			 [ -0.000000 -0.000000 1.000000 ]
	Point
		DataString "Weapon-0"
		Position [ 4.632769 5.691446 900.000000 ]
		Orientation
			 [ 1.000000 0.000000 -0.000000 ]
			 [ 0.000000 1.000000 -0.000000 ]
			 [ -0.000000 -0.000000 1.000000 ]
	Point
		DataString "Weapon-0"
		Position [ 4.632769 -5.691446 900.000000 ]
		Orientation
			 [ 1.000000 0.000000 -0.000000 ]
			 [ 0.000000 1.000000 -0.000000 ]
			 [ -0.000000 -0.000000 1.000000 ]
	Point
		DataString "Weapon-0"
		Position [ 4.632611 5.691446 -900.000000 ]
		Orientation
			 [ -1.000000 0.000000 -0.000000 ]
			 [ 0.000000 1.000000 -0.000000 ]
			 [ 0.000000 -0.000000 -1.000000 ]
	Point
		DataString "Weapon-0"
		Position [ 4.632611 -5.691446 -900.000000 ]
		Orientation
			 [ -1.000000 0.000000 -0.000000 ]
			 [ 0.000000 1.000000 -0.000000 ]
			 [ 0.000000 -0.000000 -1.000000 ]
	Point
		DataString "Weapon-0"
		Position [ -4.632769 5.691446 -900.000000 ]
		Orientation
			 [ -1.000000 0.000000 -0.000000 ]
			 [ 0.000000 1.000000 -0.000000 ]
			 [ 0.000000 -0.000000 -1.000000 ]
	Point
		DataString "Weapon-0"
		Position [ -4.632769 -5.691446 -900.000000 ]
		Orientation
			 [ -1.000000 0.000000 -0.000000 ]
			 [ 0.000000 1.000000 -0.000000 ]
			 [ 0.000000 -0.000000 -1.000000 ]
	Point
		DataString "Weapon-0"
		Position [ 781.738953 5.691446 -445.987976 ]
		Orientation
			 [ -0.500000 0.000000 -0.866025 ]
			 [ 0.000000 1.000000 -0.000000 ]
			 [ 0.866025 -0.000000 -0.500000 ]
	Point
		DataString "Weapon-0"
		Position [ 781.738953 -5.691446 -445.987976 ]
		Orientation
			 [ -0.500000 0.000000 -0.866025 ]
			 [ 0.000000 1.000000 -0.000000 ]
			 [ 0.866025 -0.000000 -0.500000 ]
	Point
		DataString "Weapon-0"
		Position [ 777.106628 5.691446 -454.012146 ]
		Orientation
			 [ -0.500000 0.000000 -0.866025 ]
			 [ 0.000000 1.000000 -0.000000 ]
			 [ 0.866025 -0.000000 -0.500000 ]
	Point
		DataString "Weapon-0"
		Position [ 777.106628 -5.691446 -454.012146 ]
		Orientation
			 [ -0.500000 0.000000 -0.866025 ]
			 [ 0.000000 1.000000 -0.000000 ]
			 [ 0.866025 -0.000000 -0.500000 ]
	Point
		DataString "Weapon-0"
		Position [ -2443.675049 5.691446 2010.331543 ]
		Orientation
			 [ 1.000000 0.000000 -0.000000 ]
			 [ 0.000000 1.000000 -0.000000 ]
			 [ -0.000000 -0.000000 1.000000 ]
	Point
		DataString "Weapon-0"
		Position [ -2443.675049 -5.691446 2010.331543 ]
		Orientation
			 [ 1.000000 0.000000 -0.000000 ]
			 [ 0.000000 1.000000 -0.000000 ]
			 [ -0.000000 -0.000000 1.000000 ]
	Point
		DataString "Weapon-0"
		Position [ -2434.409424 5.691446 2010.331543 ]
		Orientation
			 [ 1.000000 0.000000 -0.000000 ]
			 [ 0.000000 1.000000 -0.000000 ]
			 [ -0.000000 -0.000000 1.000000 ]
	Point
		DataString "Weapon-0"
		Position [ -2434.409424 -5.691446 2010.331543 ]
		Orientation
			 [ 1.000000 0.000000 -0.000000 ]
			 [ 0.000000 1.000000 -0.000000 ]
			 [ -0.000000 -0.000000 1.000000 ]
	Point
		DataString "Weapon-0"
		Position [ -3072.691162 5.691446 1641.819458 ]
		Orientation
			 [ 0.500000 0.000000 0.866025 ]
			 [ 0.000000 1.000000 -0.000000 ]
			 [ -0.866025 -0.000000 0.500000 ]
	Point
		DataString "Weapon-0"
		Position [ -3072.691162 -5.691446 1641.819458 ]
		Orientation
			 [ 0.500000 0.000000 0.866025 ]
			 [ 0.000000 1.000000 -0.000000 ]
			 [ -0.866025 -0.000000 0.500000 ]
	Point
		DataString "Weapon-0"
		Position [ -3068.058350 5.691446 1649.843872 ]
		Orientation
			 [ 0.500000 0.000000 0.866025 ]
			 [ 0.000000 1.000000 -0.000000 ]
			 [ -0.866025 -0.000000 0.500000 ]
	Point
		DataString "Weapon-0"
		Position [ -3068.058350 -5.691446 1649.843872 ]
		Orientation
			 [ 0.500000 0.000000 0.866025 ]
			 [ 0.000000 1.000000 -0.000000 ]
			 [ -0.866025 -0.000000 0.500000 ]
	Point
		DataString "Weapon-0"
		Position [ -3068.058594 5.691446 912.819458 ]
		Orientation
			 [ -0.500000 0.000000 0.866025 ]
			 [ 0.000000 1.000000 -0.000000 ]
			 [ -0.866025 -0.000000 -0.500000 ]
	Point
		DataString "Weapon-0"
		Position [ -3068.058594 -5.691446 912.819458 ]
		Orientation
			 [ -0.500000 0.000000 0.866025 ]
			 [ 0.000000 1.000000 -0.000000 ]
			 [ -0.866025 -0.000000 -0.500000 ]
	Point
		DataString "Weapon-0"
		Position [ -3072.691406 5.691446 920.843872 ]
		Orientation
			 [ -0.500000 0.000000 0.866025 ]
			 [ 0.000000 1.000000 -0.000000 ]
			 [ -0.866025 -0.000000 -0.500000 ]
	Point
		DataString "Weapon-0"
		Position [ -3072.691406 -5.691446 920.843872 ]
		Orientation
			 [ -0.500000 0.000000 0.866025 ]
			 [ 0.000000 1.000000 -0.000000 ]
			 [ -0.866025 -0.000000 -0.500000 ]
	Point
		DataString "Weapon-0"
		Position [ -3072.691650 5.691446 -916.720825 ]
		Orientation
			 [ 0.500000 0.000000 0.866025 ]
			 [ 0.000000 1.000000 -0.000000 ]
			 [ -0.866025 -0.000000 0.500000 ]
	Point
		DataString "Weapon-0"
		Position [ -3072.691650 -5.691446 -916.720825 ]
		Orientation
			 [ 0.500000 0.000000 0.866025 ]
			 [ 0.000000 1.000000 -0.000000 ]
			 [ -0.866025 -0.000000 0.500000 ]
	Point
		DataString "Weapon-0"
		Position [ -3068.058838 5.691446 -908.696411 ]
		Orientation
			 [ 0.500000 0.000000 0.866025 ]
			 [ 0.000000 1.000000 -0.000000 ]
			 [ -0.866025 -0.000000 0.500000 ]
	Point
		DataString "Weapon-0"
		Position [ -3068.058838 -5.691446 -908.696411 ]
		Orientation
			 [ 0.500000 0.000000 0.866025 ]
			 [ 0.000000 1.000000 -0.000000 ]
			 [ -0.866025 -0.000000 0.500000 ]
	Point
		DataString "Weapon-0"
		Position [ -3068.059082 5.691446 -1645.720825 ]
		Orientation
			 [ -0.500000 0.000000 0.866025 ]
			 [ 0.000000 1.000000 -0.000000 ]
			 [ -0.866025 -0.000000 -0.500000 ]
	Point
		DataString "Weapon-0"
		Position [ -3068.059082 -5.691446 -1645.720825 ]
		Orientation
			 [ -0.500000 0.000000 0.866025 ]
			 [ 0.000000 1.000000 -0.000000 ]
			 [ -0.866025 -0.000000 -0.500000 ]
	Point
		DataString "Weapon-0"
		Position [ -3072.691895 5.691446 -1637.696411 ]
		Orientation
			 [ -0.500000 0.000000 0.866025 ]
			 [ 0.000000 1.000000 -0.000000 ]
			 [ -0.866025 -0.000000 -0.500000 ]
	Point
		DataString "Weapon-0"
		Position [ -3072.691895 -5.691446 -1637.696411 ]
		Orientation
			 [ -0.500000 0.000000 0.866025 ]
			 [ 0.000000 1.000000 -0.000000 ]
			 [ -0.866025 -0.000000 -0.500000 ]
	Point
		DataString "Weapon-0"
		Position [ 777.106750 5.691446 454.012024 ]
		Orientation
			 [ 0.500000 0.000000 -0.866026 ]
			 [ 0.000000 1.000000 -0.000000 ]
			 [ 0.866026 -0.000000 0.500000 ]
	Point
		DataString "Weapon-0"
		Position [ 777.106750 -5.691446 454.012024 ]
		Orientation
			 [ 0.500000 0.000000 -0.866026 ]
			 [ 0.000000 1.000000 -0.000000 ]
			 [ 0.866026 -0.000000 0.500000 ]
	Point
		DataString "Weapon-0"
		Position [ 781.739075 5.691446 445.987854 ]
		Orientation
			 [ 0.500000 0.000000 -0.866026 ]
			 [ 0.000000 1.000000 -0.000000 ]
			 [ 0.866026 -0.000000 0.500000 ]
	Point
		DataString "Weapon-0"
		Position [ 781.739075 -5.691446 445.987854 ]
		Orientation
			 [ 0.500000 0.000000 -0.866026 ]
			 [ 0.000000 1.000000 -0.000000 ]
			 [ 0.866026 -0.000000 0.500000 ]
	Point
		DataString "Weapon-0"
		Position [ -1810.026245 5.691446 1649.843750 ]
		Orientation
			 [ 0.500000 0.000000 -0.866026 ]
			 [ 0.000000 1.000000 -0.000000 ]
			 [ 0.866026 -0.000000 0.500000 ]
	Point
		DataString "Weapon-0"
		Position [ -1810.026245 -5.691446 1649.843750 ]
		Orientation
			 [ 0.500000 0.000000 -0.866026 ]
			 [ 0.000000 1.000000 -0.000000 ]
			 [ 0.866026 -0.000000 0.500000 ]
	Point
		DataString "Weapon-0"
		Position [ -1805.393433 5.691446 1641.819336 ]
		Orientation
			 [ 0.500000 0.000000 -0.866026 ]
			 [ 0.000000 1.000000 -0.000000 ]
			 [ 0.866026 -0.000000 0.500000 ]
	Point
		DataString "Weapon-0"
		Position [ -1805.393433 -5.691446 1641.819336 ]
		Orientation
			 [ 0.500000 0.000000 -0.866026 ]
			 [ 0.000000 1.000000 -0.000000 ]
			 [ 0.866026 -0.000000 0.500000 ]
	Point
		DataString "Weapon-0"
		Position [ -2434.410156 5.691446 -2006.208618 ]
		Orientation
			 [ -1.000000 0.000000 -0.000000 ]
			 [ 0.000000 1.000000 -0.000000 ]
			 [ 0.000000 -0.000000 -1.000000 ]
	Point
		DataString "Weapon-0"
		Position [ -2434.410156 -5.691446 -2006.208618 ]
		Orientation
			 [ -1.000000 0.000000 -0.000000 ]
			 [ 0.000000 1.000000 -0.000000 ]
			 [ 0.000000 -0.000000 -1.000000 ]
	Point
		DataString "Weapon-0"
		Position [ -2443.675781 5.691446 -2006.208618 ]
		Orientation
			 [ -1.000000 0.000000 -0.000000 ]
			 [ 0.000000 1.000000 -0.000000 ]
			 [ 0.000000 -0.000000 -1.000000 ]
	Point
		DataString "Weapon-0"
		Position [ -2443.675781 -5.691446 -2006.208618 ]
		Orientation
			 [ -1.000000 0.000000 -0.000000 ]
			 [ 0.000000 1.000000 -0.000000 ]
			 [ 0.000000 -0.000000 -1.000000 ]
	Point
		DataString "Weapon-0"
		Position [ -1805.393921 5.691446 -1637.696533 ]
		Orientation
			 [ -0.500000 0.000000 -0.866025 ]
			 [ 0.000000 1.000000 -0.000000 ]
			 [ 0.866025 -0.000000 -0.500000 ]
	Point
		DataString "Weapon-0"
		Position [ -1805.393921 -5.691446 -1637.696533 ]
		Orientation
			 [ -0.500000 0.000000 -0.866025 ]
			 [ 0.000000 1.000000 -0.000000 ]
			 [ 0.866025 -0.000000 -0.500000 ]
	Point
		DataString "Weapon-0"
		Position [ -1810.026733 5.691446 -1645.720947 ]
		Orientation
			 [ -0.500000 0.000000 -0.866025 ]
			 [ 0.000000 1.000000 -0.000000 ]
			 [ 0.866025 -0.000000 -0.500000 ]
	Point
		DataString "Weapon-0"
		Position [ -1810.026733 -5.691446 -1645.720947 ]
		Orientation
			 [ -0.500000 0.000000 -0.866025 ]
			 [ 0.000000 1.000000 -0.000000 ]
			 [ 0.866025 -0.000000 -0.500000 ]
	Point
		DataString "Build-Tech_ShipyardBuildEffect1"
		Position [ -40.621925 -0.664353 0.017314 ]
		Orientation
			 [ 1.000000 0.000000 -0.000000 ]
			 [ 0.000000 -0.000000 -1.000000 ]
			 [ -0.000000 1.000000 -0.000000 ]
	Point
		DataString "Flair-Flair_GarmischDebrisField"
		Position [ -40.624565 -81.455605 0.068119 ]
		Orientation
			 [ 1.000000 0.000000 -0.000000 ]
			 [ 0.000000 -0.000000 -1.000000 ]
			 [ -0.000000 1.000000 -0.000000 ]
	NumVertices 8637
	Vertex
		Position [ -1893.342285 143.799408 -911.616699 ]
		Normal [ -0.906309 0.000391 -0.422615 ]
		Tangent [ 0.422613 -0.001857 -0.906308 ]
		Color 0
		U0 0.845647
		V0 0.290971
		U1 0.000000
		V1 0.000000
	Vertex
		Position [ -1905.528320 146.678833 -885.480469 ]
		Normal [ -0.906309 0.000430 -0.422615 ]
		Tangent [ 0.422613 -0.001857 -0.906308 ]
		Color 0
		U0 0.841750
		V0 0.290589
		U1 0.000000
		V1 0.000000
	Vertex
		Position [ -1917.719727 143.876999 -859.338501 ]
		Normal [ -0.906309 0.000393 -0.422616 ]
		Tangent [ 0.422615 -0.001862 -0.906308 ]
		Color 0
		U0 0.837852
		V0 0.290975
		U1 0.000000
		V1 0.000000
	Vertex
		Position [ -1881.629395 135.349411 -936.742371 ]
		Normal [ -0.906308 0.000386 -0.422617 ]
		Tangent [ 0.422616 -0.001867 -0.906307 ]
		Color 0
		U0 0.849396
		V0 0.292106
		U1 0.000000
		V1 0.000000
	Vertex
		Position [ -1929.447998 135.501602 -834.195068 ]
		Normal [ -0.906307 0.000404 -0.422619 ]
		Tangent [ 0.422617 -0.001861 -0.906306 ]
		Color 0
		U0 0.834105
		V0 0.292114
		U1 0.000000
		V1 0.000000
	Vertex
		Position [ -1870.840576 121.653564 -959.892212 ]
		Normal [ -0.906307 0.000405 -0.422619 ]
		Tangent [ 0.422617 -0.001852 -0.906306 ]
		Color 0
		U0 0.852851
		V0 0.293951
		U1 0.000000
		V1 0.000000
	Vertex
		Position [ -1940.262451 121.874512 -811.016602 ]
		Normal [ -0.906307 0.000404 -0.422619 ]
		Tangent [ 0.422618 -0.001841 -0.906306 ]
		Color 0
		U0 0.830652
		V0 0.293962
		U1 0.000000
		V1 0.000000
	Vertex
		Position [ -1861.390015 103.238182 -980.176392 ]
		Normal [ -0.906307 0.000402 -0.422619 ]
		Tangent [ 0.422618 -0.001841 -0.906306 ]
		Color 0
		U0 0.855879
		V0 0.296434
		U1 0.000000
		V1 0.000000
	Vertex
		Position [ -1949.747314 103.519386 -790.693787 ]
		Normal [ -0.906307 0.000404 -0.422619 ]
		Tangent [ 0.422618 -0.001836 -0.906306 ]
		Color 0
		U0 0.827626
		V0 0.296448
		U1 0.000000
		V1 0.000000
	Vertex
		Position [ -1853.640991 80.810951 -996.815674 ]
		Normal [ -0.906307 0.000404 -0.422619 ]
		Tangent [ 0.422618 -0.001832 -0.906306 ]
		Color 0
		U0 0.858365
		V0 0.299460
		U1 0.000000
		V1 0.000000
	Vertex
		Position [ -1957.538208 81.141617 -774.007629 ]
		Normal [ -0.906307 0.000405 -0.422619 ]
		Tangent [ 0.422618 -0.001829 -0.906306 ]
		Color 0
		U0 0.825143
		V0 0.299476
		U1 0.000000
		V1 0.000000
	Vertex
		Position [ -1847.891235 55.233753 -1009.170410 ]
		Normal [ -0.906307 0.000406 -0.422619 ]
		Tangent [ 0.422618 -0.001831 -0.906306 ]
		Color 0
		U0 0.860213
		V0 0.302913
		U1 0.000000
		V1 0.000000
	Vertex
		Position [ -1963.335815 55.601170 -761.599304 ]
		Normal [ -0.906307 0.000404 -0.422619 ]
		Tangent [ 0.422618 -0.001823 -0.906306 ]
		Color 0
		U0 0.823298
		V0 0.302931
		U1 0.000000
		V1 0.000000
	Vertex
		Position [ -1844.361938 27.489498 -1016.765808 ]
		Normal [ -0.906307 0.000402 -0.422619 ]
		Tangent [ 0.422618 -0.001814 -0.906306 ]
		Color 0
		U0 0.861352
		V0 0.306661
		U1 0.000000
		V1 0.000000
	Vertex
		Position [ -1966.916870 27.879545 -753.945740 ]
		Normal [ -0.906308 0.000402 -0.422619 ]
		Tangent [ 0.422617 -0.001809 -0.906306 ]
		Color 0
		U0 0.822163
		V0 0.306679
		U1 0.000000
		V1 0.000000
	Vertex
		Position [ -1843.188354 -1.355615 -1019.309998 ]
		Normal [ -0.906307 0.000404 -0.422619 ]
		Tangent [ 0.422617 -0.001814 -0.906306 ]
		Color 0
		U0 0.861737
		V0 0.310558
		U1 0.000000
		V1 0.000000
	Vertex
		Position [ -1968.144409 -0.957928 -751.341064 ]
		Normal [ -0.906307 0.000404 -0.422619 ]
		Tangent [ 0.422618 -0.001823 -0.906306 ]
		Color 0
		U0 0.821781
		V0 0.310577
		U1 0.000000
		V1 0.000000
	Vertex
		Position [ -1844.415771 -30.193089 -1016.705261 ]
		Normal [ -0.906307 0.000401 -0.422619 ]
		Tangent [ 0.422618 -0.001827 -0.906306 ]
		Color 0
		U0 0.861355
		V0 0.314456
		U1 0.000000
		V1 0.000000
	Vertex
		Position [ -1966.970825 -29.803041 -753.885254 ]
		Normal [ -0.906307 0.000401 -0.422619 ]
		Tangent [ 0.422618 -0.001831 -0.906306 ]
		Color 0
		U0 0.822167
		V0 0.314475
		U1 0.000000
		V1 0.000000
	Vertex
		Position [ -1847.996826 -57.914715 -1009.051758 ]
		Normal [ -0.906307 0.000403 -0.422619 ]
		Tangent [ 0.422618 -0.001832 -0.906306 ]
		Color 0
		U0 0.860220
		V0 0.318204
		U1 0.000000
		V1 0.000000
	Vertex
		Position [ -1963.441406 -57.547291 -761.480591 ]
		Normal [ -0.906307 0.000407 -0.422619 ]
		Tangent [ 0.422618 -0.001830 -0.906306 ]
		Color 0
		U0 0.823305
		V0 0.318222
		U1 0.000000
		V1 0.000000
	Vertex
		Position [ -1853.794434 -83.455162 -996.643433 ]
		Normal [ -0.906307 0.000406 -0.422620 ]
		Tangent [ 0.422618 -0.001828 -0.906306 ]
		Color 0
		U0 0.858376
		V0 0.321659
		U1 0.000000
		V1 0.000000
	Vertex
		Position [ -1957.691772 -83.124496 -773.835388 ]
		Normal [ -0.906307 0.000405 -0.422620 ]
		Tangent [ 0.422618 -0.001819 -0.906306 ]
		Color 0
		U0 0.825153
		V0 0.321675
		U1 0.000000
		V1 0.000000
	Vertex
		Position [ -1861.585327 -105.832932 -979.957214 ]
		Normal [ -0.906307 0.000403 -0.422620 ]
		Tangent [ 0.422618 -0.001812 -0.906306 ]
		Color 0
		U0 0.855893
		V0 0.324688
		U1 0.000000
		V1 0.000000
	Vertex
		Position [ -1949.942749 -105.551727 -790.474548 ]
		Normal [ -0.906307 0.000403 -0.422620 ]
		Tangent [ 0.422618 -0.001802 -0.906306 ]
		Color 0
		U0 0.827639
		V0 0.324701
		U1 0.000000
		V1 0.000000
	Vertex
		Position [ -1871.070190 -124.188057 -959.634460 ]
		Normal [ -0.906307 0.000405 -0.422620 ]
		Tangent [ 0.422618 -0.001799 -0.906306 ]
		Color 0
		U0 0.852866
		V0 0.327174
		U1 0.000000
		V1 0.000000
	Vertex
		Position [ -1940.492188 -123.967110 -810.758850 ]
		Normal [ -0.906307 0.000406 -0.422620 ]
		Tangent [ 0.422618 -0.001821 -0.906306 ]
		Color 0
		U0 0.830668
		V0 0.327184
		U1 0.000000
		V1 0.000000
	Vertex
		Position [ -1881.884644 -137.815140 -936.455994 ]
		Normal [ -0.906307 0.000408 -0.422620 ]
		Tangent [ 0.422618 -0.001846 -0.906306 ]
		Color 0
		U0 0.849413
		V0 0.329021
		U1 0.000000
		V1 0.000000
	Vertex
		Position [ -1929.703369 -137.662964 -833.908691 ]
		Normal [ -0.906307 0.000397 -0.422619 ]
		Tangent [ 0.422617 -0.001866 -0.906306 ]
		Color 0
		U0 0.834123
		V0 0.329029
		U1 0.000000
		V1 0.000000
	Vertex
		Position [ -1893.613037 -146.190536 -911.312561 ]
		Normal [ -0.906308 0.000394 -0.422618 ]
		Tangent [ 0.422616 -0.001862 -0.906307 ]
		Color 0
		U0 0.845666
		V0 0.330160
		U1 0.000000
		V1 0.000000
	Vertex
		Position [ -1917.990601 -146.112961 -859.034424 ]
		Normal [ -0.906308 0.000386 -0.422617 ]
		Tangent [ 0.422615 -0.001857 -0.906307 ]
		Color 0
		U0 0.837871
		V0 0.330164
		U1 0.000000
		V1 0.000000
	Vertex
		Position [ -1905.804443 -148.992371 -885.170532 ]
		Normal [ -0.906308 0.000397 -0.422617 ]
		Tangent [ 0.422615 -0.001857 -0.906307 ]
		Color 0
		U0 0.841769
		V0 0.330546
		U1 0.000000
		V1 0.000000
	Vertex
		Position [ -787.035522 144.345230 -332.092041 ]
		Normal [ 0.906308 -0.000408 0.422618 ]
		Tangent [ -0.422616 0.001857 0.906307 ]
		Color 0
		U0 0.845666
		V0 0.335470
		U1 0.000000
		V1 0.000000
	Vertex
		Position [ -774.844116 147.147064 -358.234070 ]
		Normal [ 0.906308 -0.000407 0.422618 ]
		Tangent [ -0.422616 0.001857 0.906307 ]
		Color 0
		U0 0.841769
		V0 0.335084
		U1 0.000000
		V1 0.000000
	Vertex
		Position [ -762.657959 144.267639 -384.370178 ]
		Normal [ 0.906308 -0.000404 0.422618 ]
		Tangent [ -0.422617 0.001861 0.906307 ]
		Color 0
		U0 0.837871
		V0 0.335466
		U1 0.000000
		V1 0.000000
	Vertex
		Position [ -798.763855 135.969833 -306.948639 ]
		Normal [ 0.906308 -0.000404 0.422619 ]
		Tangent [ -0.422617 0.001864 0.906306 ]
		Color 0
		U0 0.849413
		V0 0.336609
		U1 0.000000
		V1 0.000000
	Vertex
		Position [ -750.945313 135.817642 -409.495911 ]
		Normal [ 0.906307 -0.000401 0.422619 ]
		Tangent [ -0.422618 0.001858 0.906306 ]
		Color 0
		U0 0.834123
		V0 0.336601
		U1 0.000000
		V1 0.000000
	Vertex
		Position [ -809.578247 122.342743 -283.770172 ]
		Normal [ 0.906307 -0.000403 0.422619 ]
		Tangent [ -0.422618 0.001848 0.906306 ]
		Color 0
		U0 0.852866
		V0 0.338457
		U1 0.000000
		V1 0.000000
	Vertex
		Position [ -740.156433 122.121796 -432.645721 ]
		Normal [ 0.906307 -0.000402 0.422619 ]
		Tangent [ -0.422618 0.001840 0.906306 ]
		Color 0
		U0 0.830668
		V0 0.338446
		U1 0.000000
		V1 0.000000
	Vertex
		Position [ -819.063110 103.987617 -263.447357 ]
		Normal [ 0.906307 -0.000403 0.422619 ]
		Tangent [ -0.422618 0.001840 0.906306 ]
		Color 0
		U0 0.855893
		V0 0.340943
		U1 0.000000
		V1 0.000000
	Vertex
		Position [ -730.705872 103.706413 -452.929993 ]
		Normal [ 0.906307 -0.000404 0.422619 ]
		Tangent [ -0.422618 0.001836 0.906306 ]
		Color 0
		U0 0.827639
		V0 0.340929
		U1 0.000000
		V1 0.000000
	Vertex
		Position [ -826.854004 81.609848 -246.761154 ]
		Normal [ 0.906307 -0.000405 0.422619 ]
		Tangent [ -0.422618 0.001832 0.906306 ]
		Color 0
		U0 0.858376
		V0 0.343971
		U1 0.000000
		V1 0.000000
	Vertex
		Position [ -722.956848 81.279182 -469.569244 ]
		Normal [ 0.906307 -0.000406 0.422619 ]
		Tangent [ -0.422618 0.001829 0.906306 ]
		Color 0
		U0 0.825153
		V0 0.343955
		U1 0.000000
		V1 0.000000
	Vertex
		Position [ -832.651550 56.069397 -234.352875 ]
		Normal [ 0.906307 -0.000405 0.422619 ]
		Tangent [ -0.422618 0.001831 0.906306 ]
		Color 0
		U0 0.860220
		V0 0.347426
		U1 0.000000
		V1 0.000000
	Vertex
		Position [ -717.207214 55.701981 -481.923920 ]
		Normal [ 0.906307 -0.000404 0.422619 ]
		Tangent [ -0.422618 0.001823 0.906306 ]
		Color 0
		U0 0.823305
		V0 0.347408
		U1 0.000000
		V1 0.000000
	Vertex
		Position [ -836.232788 28.347775 -226.699295 ]
		Normal [ 0.906307 -0.000403 0.422619 ]
		Tangent [ -0.422618 0.001814 0.906306 ]
		Color 0
		U0 0.861355
		V0 0.351174
		U1 0.000000
		V1 0.000000
	Vertex
		Position [ -713.677734 27.957727 -489.519318 ]
		Normal [ 0.906307 -0.000403 0.422619 ]
		Tangent [ -0.422618 0.001810 0.906306 ]
		Color 0
		U0 0.822167
		V0 0.351156
		U1 0.000000
		V1 0.000000
	Vertex
		Position [ -837.460266 -0.489698 -224.094589 ]
		Normal [ 0.906307 -0.000404 0.422619 ]
		Tangent [ -0.422618 0.001815 0.906306 ]
		Color 0
		U0 0.861737
		V0 0.355072
		U1 0.000000
		V1 0.000000
	Vertex
		Position [ -712.504150 -0.887386 -492.063568 ]
		Normal [ 0.906307 -0.000404 0.422619 ]
		Tangent [ -0.422618 0.001824 0.906306 ]
		Color 0
		U0 0.821781
		V0 0.355053
		U1 0.000000
		V1 0.000000
	Vertex
		Position [ -836.286682 -29.334812 -226.638840 ]
		Normal [ 0.906307 -0.000403 0.422619 ]
		Tangent [ -0.422618 0.001827 0.906306 ]
		Color 0
		U0 0.861352
		V0 0.358970
		U1 0.000000
		V1 0.000000
	Vertex
		Position [ -713.731628 -29.724857 -489.458862 ]
		Normal [ 0.906307 -0.000403 0.422619 ]
		Tangent [ -0.422618 0.001831 0.906306 ]
		Color 0
		U0 0.822163
		V0 0.358951
		U1 0.000000
		V1 0.000000
	Vertex
		Position [ -832.757202 -57.079067 -234.234238 ]
		Normal [ 0.906307 -0.000404 0.422619 ]
		Tangent [ -0.422618 0.001832 0.906306 ]
		Color 0
		U0 0.860213
		V0 0.362717
		U1 0.000000
		V1 0.000000
	Vertex
		Position [ -717.312866 -57.446480 -481.805267 ]
		Normal [ 0.906307 -0.000405 0.422619 ]
		Tangent [ -0.422618 0.001830 0.906306 ]
		Color 0
		U0 0.823298
		V0 0.362699
		U1 0.000000
		V1 0.000000
	Vertex
		Position [ -827.007568 -82.656265 -246.588928 ]
		Normal [ 0.906307 -0.000406 0.422619 ]
		Tangent [ -0.422618 0.001828 0.906306 ]
		Color 0
		U0 0.858365
		V0 0.366170
		U1 0.000000
		V1 0.000000
	Vertex
		Position [ -723.110413 -82.986931 -469.397003 ]
		Normal [ 0.906307 -0.000404 0.422619 ]
		Tangent [ -0.422618 0.001819 0.906306 ]
		Color 0
		U0 0.825143
		V0 0.366154
		U1 0.000000
		V1 0.000000
	Vertex
		Position [ -819.258545 -105.083496 -263.228149 ]
		Normal [ 0.906307 -0.000402 0.422619 ]
		Tangent [ -0.422618 0.001812 0.906306 ]
		Color 0
		U0 0.855879
		V0 0.369196
		U1 0.000000
		V1 0.000000
	Vertex
		Position [ -730.901245 -105.364700 -452.710815 ]
		Normal [ 0.906307 -0.000403 0.422619 ]
		Tangent [ -0.422618 0.001802 0.906306 ]
		Color 0
		U0 0.827626
		V0 0.369183
		U1 0.000000
		V1 0.000000
	Vertex
		Position [ -809.807983 -123.498878 -283.512421 ]
		Normal [ 0.906307 -0.000404 0.422619 ]
		Tangent [ -0.422618 0.001799 0.906306 ]
		Color 0
		U0 0.852851
		V0 0.371679
		U1 0.000000
		V1 0.000000
	Vertex
		Position [ -740.386169 -123.719826 -432.388000 ]
		Normal [ 0.906307 -0.000404 0.422619 ]
		Tangent [ -0.422618 0.001820 0.906306 ]
		Color 0
		U0 0.830652
		V0 0.371669
		U1 0.000000
		V1 0.000000
	Vertex
		Position [ -799.019104 -137.194733 -306.662262 ]
		Normal [ 0.906307 -0.000401 0.422619 ]
		Tangent [ -0.422618 0.001844 0.906306 ]
		Color 0
		U0 0.849396
		V0 0.373524
		U1 0.000000
		V1 0.000000
	Vertex
		Position [ -751.200562 -137.346909 -409.209534 ]
		Normal [ 0.906307 -0.000397 0.422619 ]
		Tangent [ -0.422618 0.001864 0.906306 ]
		Color 0
		U0 0.834105
		V0 0.373516
		U1 0.000000
		V1 0.000000
	Vertex
		Position [ -787.306458 -145.644730 -331.787994 ]
		Normal [ 0.906307 -0.000404 0.422619 ]
		Tangent [ -0.422618 0.001860 0.906306 ]
		Color 0
		U0 0.845647
		V0 0.374659
		U1 0.000000
		V1 0.000000
	Vertex
		Position [ -762.928772 -145.722305 -384.066132 ]
		Normal [ 0.906307 -0.000408 0.422619 ]
		Tangent [ -0.422618 0.001857 0.906306 ]
		Color 0
		U0 0.837852
		V0 0.374655
		U1 0.000000
		V1 0.000000
	Vertex
		Position [ -775.120361 -148.524139 -357.924103 ]
		Normal [ 0.906307 -0.000426 0.422619 ]
		Tangent [ -0.422618 0.001857 0.906306 ]
		Color 0
		U0 0.841750
		V0 0.375041
		U1 0.000000
		V1 0.000000
	Vertex
		Position [ -1837.883545 -177.969482 -814.646973 ]
		Normal [ -0.082549 -0.980524 0.178208 ]
		Tangent [ 0.899242 -0.437450 -0.000713 ]
		Color 0
		U0 0.434895
		V0 0.240400
		U1 0.000000
		V1 0.000000
	Vertex
		Position [ -872.824341 -177.427490 -364.632935 ]
		Normal [ -0.082558 -0.980520 0.178228 ]
		Tangent [ 0.952224 0.305340 0.006017 ]
		Color 0
		U0 0.565309
		V0 0.301214
		U1 0.000000
		V1 0.000000
	Vertex
		Position [ -857.963135 -180.938980 -396.506256 ]
		Normal [ -0.000107 -0.999999 0.001434 ]
		Tangent [ 0.947862 0.318667 0.003141 ]
		Color 0
		U0 0.567320
		V0 0.296908
		U1 0.000000
		V1 0.000000
	Vertex
		Position [ -1823.022339 -181.480957 -846.520325 ]
		Normal [ -0.000107 -0.999999 0.001434 ]
		Tangent [ 0.893423 -0.449214 -0.001550 ]
		Color 0
		U0 0.436906
		V0 0.236094
		U1 0.000000
		V1 0.000000
	Vertex
		Position [ -1852.167114 -167.664612 -784.005859 ]
		Normal [ -0.161820 -0.923372 0.348136 ]
		Tangent [ 0.856920 -0.515449 0.000878 ]
		Color 0
		U0 0.432958
		V0 0.244539
		U1 0.000000
		V1 0.000000
	Vertex
		Position [ -887.107971 -167.122620 -333.991791 ]
		Normal [ -0.161837 -0.923355 0.348172 ]
		Tangent [ 0.949714 0.313031 0.007368 ]
		Color 0
		U0 0.563371
		V0 0.305353
		U1 0.000000
		V1 0.000000
	Vertex
		Position [ -1865.324341 -150.962357 -755.774414 ]
		Normal [ -0.234872 -0.830739 0.504685 ]
		Tangent [ 0.799030 -0.601255 0.006587 ]
		Color 0
		U0 0.431168
		V0 0.248350
		U1 0.000000
		V1 0.000000
	Vertex
		Position [ -900.265076 -150.420364 -305.760315 ]
		Normal [ -0.234894 -0.830704 0.504733 ]
		Tangent [ 0.979606 0.199838 0.020899 ]
		Color 0
		U0 0.561582
		V0 0.309164
		U1 0.000000
		V1 0.000000
	Vertex
		Position [ -1876.849487 -128.504562 -731.037415 ]
		Normal [ -0.298900 -0.706183 0.641844 ]
		Tangent [ 0.720129 -0.693649 0.016258 ]
		Color 0
		U0 0.429595
		V0 0.251688
		U1 0.000000
		V1 0.000000
	Vertex
		Position [ -911.790161 -127.962578 -281.023376 ]
		Normal [ -0.298924 -0.706127 0.641895 ]
		Tangent [ 0.944474 -0.248475 -0.215011 ]
		Color 0
		U0 0.560008
		V0 0.312502
		U1 0.000000
		V1 0.000000
	Vertex
		Position [ -1886.299316 -101.154289 -710.745728 ]
		Normal [ -0.326757 -0.633351 0.701496 ]
		Tangent [ 0.689577 -0.724000 0.017546 ]
		Color 0
		U0 0.428299
		V0 0.254424
		U1 0.000000
		V1 0.000000
	Vertex
		Position [ -921.240173 -100.612297 -260.731659 ]
		Normal [ -0.326757 -0.633351 0.701496 ]
		Tangent [ 0.972246 0.227839 -0.053174 ]
		Color 0
		U0 0.558712
		V0 0.315238
		U1 0.000000
		V1 0.000000
	Vertex
		Position [ -1874.129395 -69.840637 -675.124695 ]
		Normal [ -0.544291 -0.371600 0.752104 ]
		Tangent [ 0.656217 -0.748564 0.095036 ]
		Color 0
		U0 0.429921
		V0 0.259230
		U1 0.000000
		V1 0.000000
	Vertex
		Position [ -943.812500 -69.318161 -241.311157 ]
		Normal [ -0.077537 -0.355311 0.931527 ]
		Tangent [ 0.802509 -0.579472 -0.142097 ]
		Color 0
		U0 0.555640
		V0 0.317855
		U1 0.000000
		V1 0.000000
	Vertex
		Position [ -936.807739 -100.474251 -256.360199 ]
		Normal [ -0.035979 -0.441213 0.896681 ]
		Tangent [ 0.916144 -0.374102 -0.143973 ]
		Color 0
		U0 0.556608
		V0 0.315828
		U1 0.000000
		V1 0.000000
	Vertex
		Position [ -1867.124756 -100.996727 -690.173767 ]
		Normal [ -0.528797 -0.462602 0.711599 ]
		Tangent [ 0.633773 -0.773478 0.007936 ]
		Color 0
		U0 0.430890
		V0 0.257204
		U1 0.000000
		V1 0.000000
	Vertex
		Position [ -1874.129395 -69.840637 -675.124695 ]
		Normal [ -0.544291 -0.371600 0.752104 ]
		Tangent [ -0.740896 -0.245183 -0.625266 ]
		Color 0
		U0 0.573033
		V0 0.362235
		U1 0.000000
		V1 0.000000
	Vertex
		Position [ -1878.429688 -36.044819 -665.873047 ]
		Normal [ -0.557581 -0.284439 0.779871 ]
		Tangent [ -0.958846 -0.096962 -0.266856 ]
		Color 0
		U0 0.572485
		V0 0.358452
		U1 0.000000
		V1 0.000000
	Vertex
		Position [ -1413.422241 -34.604172 -448.643829 ]
		Normal [ -0.411594 -0.225848 0.882940 ]
		Tangent [ -0.700244 -0.118306 -0.704033 ]
		Color 0
		U0 0.503962
		V0 0.369110
		U1 0.000000
		V1 0.000000
	Vertex
		Position [ -948.263733 -34.342930 -231.737061 ]
		Normal [ -0.083215 -0.177712 0.980558 ]
		Tangent [ -0.996032 -0.033986 -0.082257 ]
		Color 0
		U0 0.435458
		V0 0.379900
		U1 0.000000
		V1 0.000000
	Vertex
		Position [ -943.812500 -69.318161 -241.311157 ]
		Normal [ -0.077537 -0.355311 0.931527 ]
		Tangent [ -0.997319 0.019474 -0.070534 ]
		Color 0
		U0 0.436026
		V0 0.383815
		U1 0.000000
		V1 0.000000
	Vertex
		Position [ -1415.085571 -35.857132 -461.409332 ]
		Normal [ -0.420594 -0.096681 0.902083 ]
		Tangent [ -0.706330 -0.165846 -0.688181 ]
		Color 0
		U0 0.827884
		V0 0.286313
		U1 0.000000
		V1 0.000000
	Vertex
		Position [ -1575.929077 -35.947464 -536.411682 ]
		Normal [ -0.420593 -0.096677 0.902084 ]
		Tangent [ -0.996354 -0.043743 -0.073254 ]
		Color 0
		U0 0.851308
		V0 0.281162
		U1 0.000000
		V1 0.000000
	Vertex
		Position [ -1577.360107 -0.770497 -533.308960 ]
		Normal [ -0.422618 0.001288 0.906307 ]
		Tangent [ -0.874891 -0.247112 -0.416535 ]
		Color 0
		U0 0.850450
		V0 0.277284
		U1 0.000000
		V1 0.000000
	Vertex
		Position [ -1416.516968 -0.680164 -458.306580 ]
		Normal [ -0.422618 0.001400 0.906307 ]
		Tangent [ -0.586414 -0.113829 -0.801973 ]
		Color 0
		U0 0.827027
		V0 0.282436
		U1 0.000000
		V1 0.000000
	Vertex
		Position [ -1575.863281 34.397152 -536.485413 ]
		Normal [ -0.414481 0.196356 0.888622 ]
		Tangent [ -0.898373 -0.223845 -0.377914 ]
		Color 0
		U0 0.849498
		V0 0.272976
		U1 0.000000
		V1 0.000000
	Vertex
		Position [ -1415.020142 34.487484 -461.483063 ]
		Normal [ -0.414472 0.196465 0.888602 ]
		Tangent [ -0.587721 -0.109882 -0.801567 ]
		Color 0
		U0 0.826075
		V0 0.278127
		U1 0.000000
		V1 0.000000
	Vertex
		Position [ -1571.495728 68.204010 -545.819092 ]
		Normal [ -0.390416 0.383877 0.836788 ]
		Tangent [ -0.917052 -0.203091 -0.343175 ]
		Color 0
		U0 0.848488
		V0 0.268402
		U1 0.000000
		V1 0.000000
	Vertex
		Position [ -1410.652710 68.294342 -470.816711 ]
