TXT
MeshData
	maxDiffuseMipLevel 0
	hasValidTangents TRUE
	BoundingRadius 264.135590
	MaxBoundingExtents [ 44.206249 72.886658 197.593445 ]
	MinBoundingExtents [ -44.206261 -76.929993 -260.435242 ]
	NumMaterials 1
	Material
		DiffuseTextureFileName "fpa_carrier_diffuse.dds"
		SelfIlluminationTextureFileName "fpa_carrier_data.dds"
		NormalTextureFileName "fpa_carrier_bump.dds"
		DisplacementTextureFileName ""
		TeamColorTextureFileName ""
		Diffuse ffffffff
		Ambient ffffffff
		Specular ffffffff
		Emissive ffffffff
		Glossiness 50.000000
	NumPoints 71
	Point
		DataString "Center"
		Position [ 0.000000 0.000000 0.000000 ]
		Orientation
			 [ 1.000000 0.000000 -0.000000 ]
			 [ 0.000000 1.000000 -0.000000 ]
			 [ -0.000000 -0.000000 1.000000 ]
	Point
		DataString "Above"
		Position [ 0.000000 100.000000 0.000000 ]
		Orientation
			 [ 1.000000 0.000000 -0.000000 ]
			 [ 0.000000 1.000000 -0.000000 ]
			 [ -0.000000 -0.000000 1.000000 ]
	Point
		DataString "Aura"
		Position [ 0.000000 -100.000000 0.000000 ]
		Orientation
			 [ 1.000000 0.000000 -0.000000 ]
			 [ 0.000000 1.000000 -0.000000 ]
			 [ -0.000000 -0.000000 1.000000 ]
	Point
		DataString "Exhaust"
		Position [ -17.051722 -1.710602 -205.351181 ]
		Orientation
			 [ -1.000000 -0.000000 0.000003 ]
			 [ 0.000003 0.000002 1.000000 ]
			 [ -0.000000 1.000000 -0.000002 ]
	Point
		DataString "Hangar"
		Position [ 0.000007 2.374496 74.009895 ]
		Orientation
			 [ 1.000000 0.000000 -0.000000 ]
			 [ 0.000000 -1.000000 0.000001 ]
			 [ -0.000000 -0.000001 -1.000000 ]
	Point
		DataString "Weapon-0"
		Position [ 3.375017 16.128387 197.219177 ]
		Orientation
			 [ 1.000000 0.000000 -0.000000 ]
			 [ 0.000000 -0.000000 -1.000000 ]
			 [ -0.000000 1.000000 -0.000000 ]
	Point
		DataString "Weapon-1"
		Position [ -23.834330 21.442993 62.407413 ]
		Orientation
			 [ -0.000000 -0.000000 -1.000000 ]
			 [ -0.500000 0.866025 0.000000 ]
			 [ 0.866025 0.500000 -0.000000 ]
	Point
		DataString "Weapon-2"
		Position [ -13.937490 -4.562500 115.625000 ]
		Orientation
			 [ -1.000000 0.000000 -0.000000 ]
			 [ -0.000000 -0.000000 -1.000000 ]
			 [ -0.000000 -1.000000 0.000000 ]
	Point
		DataString "Exhaust"
		Position [ 18.239740 -1.710754 -205.351181 ]
		Orientation
			 [ -1.000000 -0.000000 0.000003 ]
			 [ 0.000003 0.000002 1.000000 ]
			 [ -0.000000 1.000000 -0.000002 ]
	Point
		DataString "Hangar"
		Position [ 0.000005 2.229500 54.875336 ]
		Orientation
			 [ 1.000000 0.000000 -0.000000 ]
			 [ 0.000000 -1.000000 0.000001 ]
			 [ -0.000000 -0.000001 -1.000000 ]
	Point
		DataString "Weapon-0"
		Position [ -3.374983 16.128387 197.219177 ]
		Orientation
			 [ 1.000000 0.000000 -0.000000 ]
			 [ 0.000000 -0.000000 -1.000000 ]
			 [ -0.000000 1.000000 -0.000000 ]
	Point
		DataString "Weapon-1"
		Position [ -23.834332 21.442986 52.091877 ]
		Orientation
			 [ -0.000000 -0.000000 -1.000000 ]
			 [ -0.500000 0.866025 0.000000 ]
			 [ 0.866025 0.500000 -0.000000 ]
	Point
		DataString "Weapon-2"
		Position [ -17.062490 -4.562500 115.625000 ]
		Orientation
			 [ -1.000000 0.000000 -0.000000 ]
			 [ -0.000000 -0.000000 -1.000000 ]
			 [ -0.000000 -1.000000 0.000000 ]
	Point
		DataString "Hangar"
		Position [ 0.000004 2.084000 35.446564 ]
		Orientation
			 [ 1.000000 0.000000 -0.000000 ]
			 [ 0.000000 -1.000000 0.000001 ]
			 [ -0.000000 -0.000001 -1.000000 ]
	Point
		DataString "Weapon-0"
		Position [ 3.375017 11.376129 197.219177 ]
		Orientation
			 [ 1.000000 0.000000 -0.000000 ]
			 [ 0.000000 -0.000000 -1.000000 ]
			 [ -0.000000 1.000000 -0.000000 ]
	Point
		DataString "Weapon-1"
		Position [ -23.834332 21.442986 41.310627 ]
		Orientation
			 [ -0.000000 -0.000000 -1.000000 ]
			 [ -0.500000 0.866025 0.000000 ]
			 [ 0.866025 0.500000 -0.000000 ]
	Point
		DataString "Weapon-2"
		Position [ -13.937490 -7.687500 115.625000 ]
		Orientation
			 [ -1.000000 0.000000 -0.000000 ]
			 [ -0.000000 -0.000000 -1.000000 ]
			 [ -0.000000 -1.000000 0.000000 ]
	Point
		DataString "Hangar"
		Position [ 0.000001 1.939001 16.085270 ]
		Orientation
			 [ 1.000000 0.000000 -0.000000 ]
			 [ 0.000000 -1.000000 0.000001 ]
			 [ -0.000000 -0.000001 -1.000000 ]
	Point
		DataString "Weapon-0"
		Position [ -3.374983 11.376129 197.219177 ]
		Orientation
			 [ 1.000000 0.000000 -0.000000 ]
			 [ 0.000000 -0.000000 -1.000000 ]
			 [ -0.000000 1.000000 -0.000000 ]
	Point
		DataString "Weapon-1"
		Position [ -24.253002 20.572912 18.335234 ]
		Orientation
			 [ -0.000000 -0.000000 -1.000000 ]
			 [ -0.500001 0.866025 0.000000 ]
			 [ 0.866025 0.500001 -0.000000 ]
	Point
		DataString "Weapon-2"
		Position [ -17.062490 -7.687500 115.625000 ]
		Orientation
			 [ -1.000000 0.000000 -0.000000 ]
			 [ -0.000000 -0.000000 -1.000000 ]
			 [ -0.000000 -1.000000 0.000000 ]
	Point
		DataString "Hangar"
		Position [ -0.000000 1.794002 -2.897000 ]
		Orientation
			 [ 1.000000 0.000000 -0.000000 ]
			 [ 0.000000 -1.000000 0.000001 ]
			 [ -0.000000 -0.000001 -1.000000 ]
	Point
		DataString "Weapon-0"
		Position [ 3.375017 6.623871 197.219177 ]
		Orientation
			 [ 1.000000 0.000000 -0.000000 ]
			 [ 0.000000 -0.000000 -1.000000 ]
			 [ -0.000000 1.000000 -0.000000 ]
	Point
		DataString "Weapon-1"
		Position [ -24.253006 20.572914 5.999815 ]
		Orientation
			 [ -0.000000 -0.000000 -1.000000 ]
			 [ -0.500001 0.866025 0.000000 ]
			 [ 0.866025 0.500001 -0.000000 ]
	Point
		DataString "Weapon-2"
		Position [ -13.937490 -11.812500 115.625000 ]
		Orientation
			 [ -1.000000 0.000000 -0.000000 ]
			 [ -0.000000 -0.000000 -1.000000 ]
			 [ -0.000000 -1.000000 0.000000 ]
	Point
		DataString "Hangar"
		Position [ -0.000001 1.649002 -22.525307 ]
		Orientation
			 [ 1.000000 0.000000 -0.000000 ]
			 [ 0.000000 -1.000000 0.000001 ]
			 [ -0.000000 -0.000001 -1.000000 ]
	Point
		DataString "Weapon-0"
		Position [ -3.374983 6.623871 197.219177 ]
		Orientation
			 [ 1.000000 0.000000 -0.000000 ]
			 [ 0.000000 -0.000000 -1.000000 ]
			 [ -0.000000 1.000000 -0.000000 ]
	Point
		DataString "Weapon-1"
		Position [ -24.253006 20.572912 -6.026478 ]
		Orientation
			 [ 0.000000 -0.000002 -1.000000 ]
			 [ -0.490904 0.871213 -0.000002 ]
			 [ 0.871213 0.490904 -0.000001 ]
	Point
		DataString "Weapon-2"
		Position [ -17.062490 -11.812500 115.731087 ]
		Orientation
			 [ -1.000000 0.000000 -0.000000 ]
			 [ -0.000000 -0.000000 -1.000000 ]
			 [ -0.000000 -1.000000 0.000000 ]
	Point
		DataString "Hangar"
		Position [ -0.000003 1.504005 -41.515312 ]
		Orientation
			 [ 1.000000 0.000000 -0.000000 ]
			 [ 0.000000 -1.000000 0.000001 ]
			 [ -0.000000 -0.000001 -1.000000 ]
	Point
		DataString "Weapon-0"
		Position [ 3.375017 1.871582 197.219177 ]
		Orientation
			 [ 1.000000 0.000000 -0.000000 ]
			 [ 0.000000 -0.000000 -1.000000 ]
			 [ -0.000000 1.000000 -0.000000 ]
	Point
		DataString "Weapon-1"
		Position [ -29.665659 17.447916 11.386945 ]
		Orientation
			 [ -0.000000 -0.000000 -1.000000 ]
			 [ -0.500001 0.866025 0.000000 ]
			 [ 0.866025 0.500001 -0.000000 ]
	Point
		DataString "Weapon-2"
		Position [ -13.937490 -14.937500 115.625000 ]
		Orientation
			 [ -1.000000 0.000000 -0.000000 ]
			 [ -0.000000 -0.000000 -1.000000 ]
			 [ -0.000000 -1.000000 0.000000 ]
	Point
		DataString "Hangar"
		Position [ -0.000005 1.359001 -60.610840 ]
		Orientation
			 [ 1.000000 0.000000 -0.000000 ]
			 [ 0.000000 -1.000000 0.000001 ]
			 [ -0.000000 -0.000001 -1.000000 ]
	Point
		DataString "Weapon-0"
		Position [ -3.374983 1.871582 197.219177 ]
		Orientation
			 [ 1.000000 0.000000 -0.000000 ]
			 [ 0.000000 -0.000000 -1.000000 ]
			 [ -0.000000 1.000000 -0.000000 ]
	Point
		DataString "Weapon-1"
		Position [ -29.665663 17.447914 0.802121 ]
		Orientation
			 [ -0.000000 -0.000000 -1.000000 ]
			 [ -0.500001 0.866025 0.000000 ]
			 [ 0.866025 0.500001 -0.000000 ]
	Point
		DataString "Weapon-2"
		Position [ -17.062490 -14.937500 115.625000 ]
		Orientation
			 [ -1.000000 0.000000 -0.000000 ]
			 [ -0.000000 -0.000000 -1.000000 ]
			 [ -0.000000 -1.000000 0.000000 ]
	Point
		DataString "Hangar"
		Position [ -0.000007 1.213501 -80.160713 ]
		Orientation
			 [ 1.000000 0.000000 -0.000000 ]
			 [ 0.000000 -1.000000 0.000001 ]
			 [ -0.000000 -0.000001 -1.000000 ]
	Point
		DataString "Weapon-1"
		Position [ -23.834337 21.442989 -28.297230 ]
		Orientation
			 [ -0.000000 -0.000000 -1.000000 ]
			 [ -0.500000 0.866025 0.000000 ]
			 [ 0.866025 0.500000 -0.000000 ]
	Point
		DataString "Weapon-2"
		Position [ 17.062510 -4.562500 115.625000 ]
		Orientation
			 [ -1.000000 0.000000 -0.000000 ]
			 [ -0.000000 -0.000000 -1.000000 ]
			 [ -0.000000 -1.000000 0.000000 ]
	Point
		DataString "Hangar"
		Position [ -0.000009 1.068512 -99.700912 ]
		Orientation
			 [ 1.000000 0.000000 -0.000000 ]
			 [ 0.000000 -1.000000 0.000001 ]
			 [ -0.000000 -0.000001 -1.000000 ]
	Point
		DataString "Weapon-1"
		Position [ -23.834339 21.442989 -38.612759 ]
		Orientation
			 [ -0.000000 -0.000000 -1.000000 ]
			 [ -0.500000 0.866025 0.000000 ]
			 [ 0.866025 0.500000 -0.000000 ]
	Point
		DataString "Weapon-2"
		Position [ 13.937510 -4.562500 115.625000 ]
		Orientation
			 [ -1.000000 0.000000 -0.000000 ]
			 [ -0.000000 -0.000000 -1.000000 ]
			 [ -0.000000 -1.000000 0.000000 ]
	Point
		DataString "Weapon-1"
		Position [ -23.834339 21.442986 -49.394012 ]
		Orientation
			 [ -0.000000 -0.000000 -1.000000 ]
			 [ -0.500000 0.866025 0.000000 ]
			 [ 0.866025 0.500000 -0.000000 ]
	Point
		DataString "Weapon-2"
		Position [ 17.062510 -7.687500 115.625000 ]
		Orientation
			 [ -1.000000 0.000000 -0.000000 ]
			 [ -0.000000 -0.000000 -1.000000 ]
			 [ -0.000000 -1.000000 0.000000 ]
	Point
		DataString "Weapon-1"
		Position [ -24.253010 20.572906 -71.977272 ]
		Orientation
			 [ -0.000000 -0.000000 -1.000000 ]
			 [ -0.500001 0.866025 0.000000 ]
			 [ 0.866025 0.500001 -0.000000 ]
	Point
		DataString "Weapon-2"
		Position [ 13.937510 -7.687500 115.625000 ]
		Orientation
			 [ -1.000000 0.000000 -0.000000 ]
			 [ -0.000000 -0.000000 -1.000000 ]
			 [ -0.000000 -1.000000 0.000000 ]
	Point
		DataString "Weapon-1"
		Position [ -24.253014 20.572906 -84.312683 ]
		Orientation
			 [ -0.000000 -0.000000 -1.000000 ]
			 [ -0.500001 0.866025 0.000000 ]
			 [ 0.866025 0.500001 -0.000000 ]
	Point
		DataString "Weapon-2"
		Position [ 17.062510 -11.812500 115.625000 ]
		Orientation
			 [ -1.000000 0.000000 -0.000000 ]
			 [ -0.000000 -0.000000 -1.000000 ]
			 [ -0.000000 -1.000000 0.000000 ]
	Point
		DataString "Weapon-1"
		Position [ -24.253014 20.572906 -96.338974 ]
		Orientation
			 [ 0.000000 -0.000002 -1.000000 ]
			 [ -0.490904 0.871213 -0.000002 ]
			 [ 0.871213 0.490904 -0.000001 ]
	Point
		DataString "Weapon-2"
		Position [ 13.937510 -11.812500 115.625000 ]
		Orientation
			 [ -1.000000 0.000000 -0.000000 ]
			 [ -0.000000 -0.000000 -1.000000 ]
			 [ -0.000000 -1.000000 0.000000 ]
	Point
		DataString "Weapon-1"
		Position [ -29.665668 17.447914 -78.925568 ]
		Orientation
			 [ -0.000000 -0.000000 -1.000000 ]
			 [ -0.500001 0.866025 0.000000 ]
			 [ 0.866025 0.500001 -0.000000 ]
	Point
		DataString "Weapon-2"
		Position [ 17.062510 -14.937500 115.625000 ]
		Orientation
			 [ -1.000000 0.000000 -0.000000 ]
			 [ -0.000000 -0.000000 -1.000000 ]
			 [ -0.000000 -1.000000 0.000000 ]
	Point
		DataString "Weapon-1"
		Position [ -29.665670 17.447906 -89.510384 ]
		Orientation
			 [ -0.000000 -0.000000 -1.000000 ]
			 [ -0.500001 0.866025 0.000000 ]
			 [ 0.866025 0.500001 -0.000000 ]
	Point
		DataString "Weapon-2"
		Position [ 13.937510 -14.937500 115.625000 ]
		Orientation
			 [ -1.000000 0.000000 -0.000000 ]
			 [ -0.000000 -0.000000 -1.000000 ]
			 [ -0.000000 -1.000000 0.000000 ]
	Point
		DataString "Weapon-1"
		Position [ 24.687506 21.442986 60.315533 ]
		Orientation
			 [ -0.000000 -0.000000 -1.000000 ]
			 [ -0.500000 0.866026 0.000000 ]
			 [ 0.866026 0.500000 -0.000000 ]
	Point
		DataString "Weapon-1"
		Position [ 24.687504 21.442986 49.999996 ]
		Orientation
			 [ -0.000000 -0.000000 -1.000000 ]
			 [ -0.500000 0.866026 0.000000 ]
			 [ 0.866026 0.500000 -0.000000 ]
	Point
		DataString "Weapon-1"
		Position [ 24.687504 21.442986 39.218746 ]
		Orientation
			 [ -0.000000 -0.000000 -1.000000 ]
			 [ -0.500000 0.866026 0.000000 ]
			 [ 0.866026 0.500000 -0.000000 ]
	Point
		DataString "Weapon-1"
		Position [ 25.106173 20.572912 16.243357 ]
		Orientation
			 [ -0.000000 -0.000000 -1.000000 ]
			 [ -0.500001 0.866025 0.000000 ]
			 [ 0.866025 0.500001 -0.000000 ]
	Point
		DataString "Weapon-1"
		Position [ 25.106171 20.572910 3.907934 ]
		Orientation
			 [ -0.000000 -0.000000 -1.000000 ]
			 [ -0.500001 0.866025 0.000000 ]
			 [ 0.866025 0.500001 -0.000000 ]
	Point
		DataString "Weapon-1"
		Position [ 25.106171 20.572914 -8.118359 ]
		Orientation
			 [ 0.000002 0.000000 -1.000000 ]
			 [ -0.497482 0.867474 -0.000001 ]
			 [ 0.867474 0.497482 0.000002 ]
	Point
		DataString "Weapon-1"
		Position [ 30.518827 17.447914 9.295062 ]
		Orientation
			 [ -0.000000 -0.000000 -1.000000 ]
			 [ -0.500001 0.866025 0.000000 ]
			 [ 0.866025 0.500001 -0.000000 ]
	Point
		DataString "Weapon-1"
		Position [ 30.518827 17.447912 -1.289762 ]
		Orientation
			 [ -0.000000 -0.000000 -1.000000 ]
			 [ -0.500001 0.866025 0.000000 ]
			 [ 0.866025 0.500001 -0.000000 ]
	Point
		DataString "Weapon-1"
		Position [ 24.687498 21.442989 -30.389109 ]
		Orientation
			 [ -0.000000 -0.000000 -1.000000 ]
			 [ -0.500000 0.866026 0.000000 ]
			 [ 0.866026 0.500000 -0.000000 ]
	Point
		DataString "Weapon-1"
		Position [ 24.687496 21.442986 -40.704647 ]
		Orientation
			 [ -0.000000 -0.000000 -1.000000 ]
			 [ -0.500000 0.866026 0.000000 ]
			 [ 0.866026 0.500000 -0.000000 ]
	Point
		DataString "Weapon-1"
		Position [ 24.687496 21.442986 -51.485897 ]
		Orientation
			 [ -0.000000 -0.000000 -1.000000 ]
			 [ -0.500000 0.866026 0.000000 ]
			 [ 0.866026 0.500000 -0.000000 ]
	Point
		DataString "Weapon-1"
		Position [ 25.106165 20.572922 -74.069145 ]
		Orientation
			 [ -0.000000 -0.000000 -1.000000 ]
			 [ -0.500001 0.866025 0.000000 ]
			 [ 0.866025 0.500001 -0.000000 ]
	Point
		DataString "Weapon-1"
		Position [ 25.106163 20.572922 -86.404564 ]
		Orientation
			 [ -0.000000 -0.000000 -1.000000 ]
			 [ -0.500001 0.866025 0.000000 ]
			 [ 0.866025 0.500001 -0.000000 ]
	Point
		DataString "Weapon-1"
		Position [ 25.106161 20.572922 -98.430855 ]
		Orientation
			 [ 0.000002 0.000000 -1.000000 ]
			 [ -0.497482 0.867474 -0.000001 ]
			 [ 0.867474 0.497482 0.000002 ]
	Point
		DataString "Weapon-1"
		Position [ 30.518820 17.447906 -81.017441 ]
		Orientation
			 [ -0.000000 -0.000000 -1.000000 ]
			 [ -0.500001 0.866025 0.000000 ]
			 [ 0.866025 0.500001 -0.000000 ]
	Point
		DataString "Weapon-1"
		Position [ 30.518820 17.447922 -91.602257 ]
		Orientation
			 [ -0.000000 -0.000000 -1.000000 ]
			 [ -0.500001 0.866025 0.000000 ]
			 [ 0.866025 0.500001 -0.000000 ]
	NumVertices 4978
	Vertex
		Position [ 44.206249 6.380853 80.389351 ]
		Normal [ 0.561703 -0.003733 0.827331 ]
		Tangent [ -0.607119 0.152722 0.779797 ]
		Color 0
		U0 0.776684
		V0 0.796217
		U1 0.000000
		V1 0.000000
	Vertex
		Position [ 11.139982 6.279568 102.838707 ]
		Normal [ 0.561703 -0.003733 0.827331 ]
		Tangent [ -0.259728 0.093052 0.961188 ]
		Color 0
		U0 0.856849
		V0 0.813537
		U1 0.000000
		V1 0.000000
	Vertex
		Position [ 11.139982 10.274669 102.856735 ]
		Normal [ 0.561703 -0.003733 0.827331 ]
		Tangent [ -0.482363 0.116648 0.868170 ]
		Color 0
		U0 0.858490
		V0 0.805941
		U1 0.000000
		V1 0.000000
	Vertex
		Position [ 44.206249 10.375954 80.407372 ]
		Normal [ 0.561703 -0.003733 0.827331 ]
		Tangent [ -0.443941 0.135363 0.885773 ]
		Color 0
		U0 0.778325
		V0 0.788620
		U1 0.000000
		V1 0.000000
	Vertex
		Position [ -44.206253 11.360708 -137.859451 ]
		Normal [ -0.999993 0.000017 -0.003749 ]
		Tangent [ 0.002499 0.004495 -0.999987 ]
		Color 0
		U0 0.533151
		V0 0.003325
		U1 0.000000
		V1 0.000000
	Vertex
		Position [ -44.206234 10.375954 80.407387 ]
		Normal [ -1.000000 0.000000 0.000000 ]
		Tangent [ -0.688378 -0.486117 -0.538355 ]
		Color 0
		U0 0.085249
		V0 0.003325
		U1 0.000000
		V1 0.000000
	Vertex
		Position [ -44.206234 6.380853 80.389366 ]
		Normal [ -1.000000 0.000000 0.000000 ]
		Tangent [ -0.305992 -0.089065 -0.947859 ]
		Color 0
		U0 0.085249
		V0 0.011523
		U1 0.000000
		V1 0.000000
	Vertex
		Position [ -44.206253 7.365607 -137.877472 ]
		Normal [ -0.999994 0.001976 -0.002946 ]
		Tangent [ 0.001877 0.004499 -0.999988 ]
		Color 0
		U0 0.533151
		V0 0.011523
		U1 0.000000
		V1 0.000000
	Vertex
		Position [ 14.735421 26.309967 90.761871 ]
		Normal [ -1.000000 0.000000 0.000000 ]
		Tangent [ 0.000000 0.000000 0.000000 ]
		Color 0
		U0 0.000000
		V0 1.000000
		U1 0.000000
		V1 0.000000
	Vertex
		Position [ 14.735419 26.412725 67.986214 ]
		Normal [ 1.000000 0.000000 -0.000000 ]
		Tangent [ 0.000000 0.000000 0.000000 ]
		Color 0
		U0 0.000000
		V0 1.000000
		U1 0.000000
		V1 0.000000
	Vertex
		Position [ 14.735414 26.698208 4.709924 ]
		Normal [ -1.000000 0.000000 0.000000 ]
		Tangent [ 0.000000 0.000000 0.000000 ]
		Color 0
		U0 0.000000
		V0 1.000000
		U1 0.000000
		V1 0.000000
	Vertex
		Position [ 44.206230 7.365607 -137.877472 ]
		Normal [ 0.999994 0.001976 -0.002946 ]
		Tangent [ 0.001501 -0.004500 0.999989 ]
		Color 0
		U0 0.235165
		V0 0.056816
		U1 0.000000
		V1 0.000000
	Vertex
		Position [ 44.206230 11.360708 -137.859451 ]
		Normal [ 0.999993 0.000017 -0.003749 ]
		Tangent [ 0.003749 -0.004482 0.999983 ]
		Color 0
		U0 0.235165
		V0 0.048618
		U1 0.000000
		V1 0.000000
	Vertex
		Position [ 43.764164 11.621325 -196.819824 ]
		Normal [ 0.994219 0.107370 0.000296 ]
		Tangent [ 0.003758 -0.004482 0.999983 ]
		Color 0
		U0 0.114173
		V0 0.048622
		U1 0.000000
		V1 0.000000
	Vertex
		Position [ 44.206223 7.668872 -205.095078 ]
		Normal [ 0.999696 0.024654 0.000111 ]
		Tangent [ 0.000000 -0.004511 0.999990 ]
		Color 0
		U0 0.097229
		V0 0.056816
		U1 0.000000
		V1 0.000000
	Vertex
		Position [ 23.125418 -7.053013 -205.161514 ]
		Normal [ -0.000000 -0.999990 -0.004512 ]
		Tangent [ 1.000000 0.000000 -0.000000 ]
		Color 0
		U0 0.305488
		V0 0.301193
		U1 0.000000
		V1 0.000000
	Vertex
		Position [ 12.364380 -7.053013 -205.161514 ]
		Normal [ -0.000000 -0.999990 -0.004512 ]
		Tangent [ 1.000000 0.000000 -0.000000 ]
		Color 0
		U0 0.283406
		V0 0.301193
		U1 0.000000
		V1 0.000000
	Vertex
		Position [ 44.206226 -7.272891 -156.426498 ]
		Normal [ 0.000000 -0.945458 0.325743 ]
		Tangent [ 1.000000 0.000000 -0.000000 ]
		Color 0
		U0 0.348748
		V0 0.400597
		U1 0.000000
		V1 0.000000
	Vertex
		Position [ -12.364416 -7.053013 -205.161514 ]
		Normal [ -0.000000 -0.999990 -0.004512 ]
		Tangent [ 1.000000 0.000000 -0.000000 ]
		Color 0
		U0 0.232661
		V0 0.301193
		U1 0.000000
		V1 0.000000
	Vertex
		Position [ -32.817566 -7.053013 -205.161514 ]
		Normal [ -0.000000 -0.999990 -0.004512 ]
		Tangent [ 1.000000 0.000000 -0.000000 ]
		Color 0
		U0 0.190690
		V0 0.301193
		U1 0.000000
		V1 0.000000
	Vertex
		Position [ -42.850605 -7.053013 -205.161514 ]
		Normal [ -0.000000 -0.999990 -0.004512 ]
		Tangent [ 1.000000 -0.000000 -0.000000 ]
		Color 0
		U0 0.170101
		V0 0.301193
		U1 0.000000
		V1 0.000000
	Vertex
		Position [ -44.206257 -7.272891 -156.426498 ]
		Normal [ 0.000000 -0.945458 0.325743 ]
		Tangent [ 1.000000 0.000000 -0.000000 ]
		Color 0
		U0 0.167320
		V0 0.400597
		U1 0.000000
		V1 0.000000
	Vertex
		Position [ -43.528431 -7.053013 -205.161514 ]
		Normal [ -0.000000 -0.999990 -0.004512 ]
		Tangent [ 1.000000 -0.000000 -0.000000 ]
		Color 0
		U0 0.168711
		V0 0.301193
		U1 0.000000
		V1 0.000000
	Vertex
		Position [ -44.206261 -7.053013 -205.161514 ]
		Normal [ -0.000000 -0.999990 -0.004512 ]
		Tangent [ 1.000000 -0.000000 -0.000000 ]
		Color 0
		U0 0.167320
		V0 0.301193
		U1 0.000000
		V1 0.000000
	Vertex
		Position [ -23.125452 -7.053013 -205.161514 ]
		Normal [ -0.000000 -0.999990 -0.004512 ]
		Tangent [ 1.000000 0.000000 -0.000000 ]
		Color 0
		U0 0.210579
		V0 0.301193
		U1 0.000000
		V1 0.000000
	Vertex
		Position [ 44.206223 -7.053013 -205.161514 ]
		Normal [ -0.000000 -0.999990 -0.004512 ]
		Tangent [ 1.000000 -0.000000 -0.000000 ]
		Color 0
		U0 0.348748
		V0 0.301193
		U1 0.000000
		V1 0.000000
	Vertex
		Position [ 43.528393 -7.053013 -205.161514 ]
		Normal [ -0.000000 -0.999990 -0.004512 ]
		Tangent [ 1.000000 -0.000000 -0.000000 ]
		Color 0
		U0 0.347357
		V0 0.301193
		U1 0.000000
		V1 0.000000
	Vertex
		Position [ 42.850567 -7.053013 -205.161514 ]
		Normal [ -0.000000 -0.999990 -0.004512 ]
		Tangent [ 1.000000 0.000000 -0.000000 ]
		Color 0
		U0 0.345966
		V0 0.301193
		U1 0.000000
		V1 0.000000
	Vertex
		Position [ 32.817528 -7.053013 -205.161514 ]
		Normal [ -0.000000 -0.999990 -0.004512 ]
		Tangent [ 1.000000 0.000000 -0.000000 ]
		Color 0
		U0 0.325377
		V0 0.301193
		U1 0.000000
		V1 0.000000
	Vertex
		Position [ -42.850609 7.918410 -260.403900 ]
		Normal [ -0.000000 0.004510 -0.999990 ]
		Tangent [ 1.000000 0.000000 -0.000000 ]
		Color 0
		U0 0.766785
		V0 0.639297
		U1 0.000000
		V1 0.000000
	Vertex
		Position [ -43.528435 7.918410 -260.403900 ]
		Normal [ -0.000000 0.004510 -0.999990 ]
		Tangent [ 1.000000 0.000000 -0.000000 ]
		Color 0
		U0 0.765394
		V0 0.639297
		U1 0.000000
		V1 0.000000
	Vertex
		Position [ -43.528435 0.969679 -260.435242 ]
		Normal [ -0.000000 0.004510 -0.999990 ]
		Tangent [ 1.000000 0.000000 -0.000000 ]
		Color 0
		U0 0.765394
		V0 0.653556
		U1 0.000000
		V1 0.000000
	Vertex
		Position [ -42.850609 0.969679 -260.435242 ]
		Normal [ -0.000000 0.004510 -0.999990 ]
		Tangent [ 1.000000 0.000000 -0.000000 ]
		Color 0
		U0 0.766785
		V0 0.653556
		U1 0.000000
		V1 0.000000
	Vertex
		Position [ 44.206230 7.365607 -137.877472 ]
		Normal [ 0.000000 -0.945458 0.325743 ]
		Tangent [ 1.000000 0.000004 0.000047 ]
		Color 0
		U0 0.348748
		V0 0.441613
		U1 0.000000
		V1 0.000000
	Vertex
		Position [ -44.206253 7.365607 -137.877472 ]
		Normal [ 0.000000 -0.945458 0.325743 ]
		Tangent [ 1.000000 -0.000003 -0.000055 ]
		Color 0
		U0 0.167320
		V0 0.441613
		U1 0.000000
		V1 0.000000
	Vertex
		Position [ 44.206223 -1.675043 -205.137238 ]
		Normal [ 1.000000 0.000000 -0.000000 ]
		Tangent [ 0.000000 -0.004509 0.999990 ]
		Color 0
		U0 0.097229
		V0 0.075990
		U1 0.000000
		V1 0.000000
	Vertex
		Position [ 44.206223 -7.053013 -205.161514 ]
		Normal [ 1.000000 0.000000 -0.000000 ]
		Tangent [ 0.000000 -0.004512 0.999990 ]
		Color 0
		U0 0.097229
		V0 0.087026
		U1 0.000000
		V1 0.000000
	Vertex
		Position [ 44.206226 -7.272891 -156.426498 ]
		Normal [ 1.000000 0.000000 -0.000000 ]
		Tangent [ 0.000000 -0.004513 0.999990 ]
		Color 0
		U0 0.197237
		V0 0.087026
		U1 0.000000
		V1 0.000000
	Vertex
		Position [ 44.206223 0.720142 -205.126434 ]
		Normal [ 1.000000 0.000000 -0.000000 ]
		Tangent [ 0.000000 -0.004521 0.999990 ]
		Color 0
		U0 0.097229
		V0 0.071075
		U1 0.000000
		V1 0.000000
	Vertex
		Position [ 44.206223 -0.104283 -205.130157 ]
		Normal [ 1.000000 0.000000 -0.000000 ]
		Tangent [ 0.000000 -0.004517 0.999990 ]
		Color 0
		U0 0.097229
		V0 0.072767
		U1 0.000000
		V1 0.000000
	Vertex
		Position [ -44.206257 -7.272891 -156.426498 ]
		Normal [ -1.000000 0.000000 0.000000 ]
		Tangent [ -0.000000 0.004513 -0.999990 ]
		Color 0
		U0 0.571079
		V0 0.041733
		U1 0.000000
		V1 0.000000
	Vertex
		Position [ -44.206261 -7.053013 -205.161514 ]
		Normal [ -1.000000 0.000000 0.000000 ]
		Tangent [ -0.000000 0.004512 -0.999990 ]
		Color 0
		U0 0.671087
		V0 0.041733
		U1 0.000000
		V1 0.000000
	Vertex
		Position [ -44.206261 -1.675043 -205.137238 ]
		Normal [ -1.000000 0.000000 0.000000 ]
		Tangent [ -0.000000 0.004508 -0.999990 ]
		Color 0
		U0 0.671087
		V0 0.030697
		U1 0.000000
		V1 0.000000
	Vertex
		Position [ -44.206261 -0.104283 -205.130157 ]
		Normal [ -1.000000 0.000000 0.000000 ]
		Tangent [ -0.000000 0.004516 -0.999990 ]
		Color 0
		U0 0.671087
		V0 0.027474
		U1 0.000000
		V1 0.000000
	Vertex
		Position [ -44.206261 0.720142 -205.126434 ]
		Normal [ -1.000000 0.000000 0.000000 ]
		Tangent [ -0.000000 0.004521 -0.999990 ]
		Color 0
		U0 0.671087
		V0 0.025782
		U1 0.000000
		V1 0.000000
	Vertex
		Position [ -44.206261 7.668872 -205.095078 ]
		Normal [ -0.999696 0.024654 0.000111 ]
		Tangent [ -0.000000 0.004511 -0.999990 ]
		Color 0
		U0 0.671087
		V0 0.011523
		U1 0.000000
		V1 0.000000
	Vertex
		Position [ 44.206249 10.375954 80.407372 ]
		Normal [ 0.501691 0.446397 0.740969 ]
		Tangent [ -0.443941 0.135363 0.885773 ]
		Color 0
		U0 0.778325
		V0 0.788620
		U1 0.000000
		V1 0.000000
	Vertex
		Position [ 11.139982 10.274669 102.856735 ]
		Normal [ 0.501691 0.446397 0.740969 ]
		Tangent [ -0.482363 0.116648 0.868170 ]
		Color 0
		U0 0.858490
		V0 0.805941
		U1 0.000000
		V1 0.000000
	Vertex
		Position [ 14.735421 26.309967 90.761871 ]
		Normal [ 0.501691 0.446397 0.740969 ]
		Tangent [ -0.905151 0.422729 0.044748 ]
		Color 0
		U0 0.846491
		V0 0.766166
		U1 0.000000
		V1 0.000000
	Vertex
		Position [ 44.206249 10.375954 80.407372 ]
		Normal [ 1.000000 0.000000 -0.000000 ]
		Tangent [ -0.443941 0.135363 0.885773 ]
		Color 0
		U0 0.683067
		V0 0.048618
		U1 0.000000
		V1 0.000000
	Vertex
		Position [ 44.206249 6.380853 80.389351 ]
		Normal [ 1.000000 0.000000 -0.000000 ]
		Tangent [ -0.607119 0.152722 0.779797 ]
		Color 0
		U0 0.683067
		V0 0.056816
		U1 0.000000
		V1 0.000000
	Vertex
		Position [ 14.610543 8.986357 -202.336655 ]
		Normal [ -0.000000 0.902358 -0.430987 ]
		Tangent [ -1.000000 -0.000005 -0.000011 ]
		Color 0
		U0 0.429723
		V0 0.299354
		U1 0.000000
		V1 0.000000
	Vertex
		Position [ 14.621792 7.668872 -205.095078 ]
		Normal [ -0.000000 0.902358 -0.430987 ]
		Tangent [ -1.000000 0.000000 0.000000 ]
		Color 0
		U0 0.428559
		V0 0.293644
		U1 0.000000
		V1 0.000000
	Vertex
		Position [ 23.125418 7.668872 -205.095078 ]
		Normal [ -0.000000 0.902358 -0.430987 ]
		Tangent [ -1.000000 -0.000005 -0.000015 ]
		Color 0
		U0 0.412888
		V0 0.293644
		U1 0.000000
		V1 0.000000
	Vertex
		Position [ 14.588043 11.621325 -196.819824 ]
		Normal [ -0.010629 0.902975 -0.429561 ]
		Tangent [ -0.999996 -0.002672 0.000029 ]
		Color 0
		U0 0.432052
		V0 0.310772
		U1 0.000000
		V1 0.000000
	Vertex
		Position [ 32.817528 7.668872 -205.095078 ]
		Normal [ -0.000000 0.902358 -0.430987 ]
		Tangent [ -1.000000 0.000000 0.000000 ]
		Color 0
		U0 0.395027
		V0 0.293644
		U1 0.000000
		V1 0.000000
	Vertex
		Position [ 42.915020 11.621325 -196.819824 ]
		Normal [ -0.000000 0.902818 -0.430023 ]
		Tangent [ -1.000000 0.000000 0.000000 ]
		Color 0
		U0 0.379849
		V0 0.310772
		U1 0.000000
		V1 0.000000
	Vertex
		Position [ 42.850567 7.668872 -205.095078 ]
		Normal [ -0.000000 0.902358 -0.430987 ]
		Tangent [ -1.000000 0.000000 0.000000 ]
		Color 0
		U0 0.376538
		V0 0.293644
		U1 0.000000
		V1 0.000000
	Vertex
		Position [ 43.528393 7.668872 -205.095078 ]
		Normal [ -0.000000 0.902358 -0.430987 ]
		Tangent [ -1.000000 0.000000 0.000000 ]
		Color 0
		U0 0.375289
		V0 0.293644
		U1 0.000000
		V1 0.000000
	Vertex
		Position [ 43.764164 11.621325 -196.819824 ]
		Normal [ -0.000000 0.902853 -0.429950 ]
		Tangent [ -0.991354 0.131165 -0.003579 ]
		Color 0
		U0 0.378284
		V0 0.310772
		U1 0.000000
		V1 0.000000
	Vertex
		Position [ 44.206223 7.668872 -205.095078 ]
		Normal [ -0.000000 0.902358 -0.430987 ]
		Tangent [ -1.000000 0.000000 0.000000 ]
		Color 0
		U0 0.374039
		V0 0.293644
		U1 0.000000
		V1 0.000000
	Vertex
		Position [ -43.764202 11.621325 -196.819824 ]
		Normal [ -0.994219 0.107370 0.000296 ]
		Tangent [ 0.003759 0.004486 -0.999983 ]
		Color 0
		U0 0.654143
		V0 0.003330
		U1 0.000000
		V1 0.000000
	Vertex
		Position [ -44.206234 10.375954 80.407387 ]
		Normal [ -0.561703 -0.003733 0.827331 ]
		Tangent [ -0.688378 -0.486117 -0.538355 ]
		Color 0
		U0 0.854776
		V0 0.732758
		U1 0.000000
		V1 0.000000
	Vertex
		Position [ -11.139965 10.274669 102.856735 ]
		Normal [ -0.561703 -0.003733 0.827331 ]
		Tangent [ -0.388767 -0.100857 -0.915799 ]
		Color 0
		U0 0.774611
		V0 0.750079
		U1 0.000000
		V1 0.000000
	Vertex
		Position [ -11.139965 6.279568 102.838707 ]
		Normal [ -0.561703 -0.003733 0.827331 ]
		Tangent [ -0.434132 -0.124560 -0.892196 ]
		Color 0
		U0 0.776253
		V0 0.757675
		U1 0.000000
		V1 0.000000
	Vertex
		Position [ -44.206234 6.380853 80.389366 ]
		Normal [ -0.561703 -0.003733 0.827331 ]
		Tangent [ -0.305992 -0.089065 -0.947859 ]
		Color 0
		U0 0.856418
		V0 0.740355
		U1 0.000000
		V1 0.000000
	Vertex
		Position [ -14.735406 26.309967 90.761871 ]
		Normal [ -0.975071 0.091710 0.202054 ]
		Tangent [ -0.078004 -0.123143 -0.989318 ]
		Color 0
		U0 0.685999
		V0 0.601811
		U1 0.000000
		V1 0.000000
	Vertex
		Position [ -9.468966 27.516851 114.988373 ]
		Normal [ -0.994607 0.095652 0.040086 ]
		Tangent [ -0.037378 0.004699 -0.999290 ]
		Color 0
		U0 0.635797
		V0 0.598991
		U1 0.000000
		V1 0.000000
	Vertex
		Position [ -11.139965 10.274669 102.856735 ]
		Normal [ -0.999455 0.017886 0.027749 ]
		Tangent [ -0.388767 -0.100857 -0.915799 ]
		Color 0
		U0 0.660658
		V0 0.634521
		U1 0.000000
		V1 0.000000
	Vertex
		Position [ 7.928701 32.541573 115.011063 ]
		Normal [ 0.000000 0.999990 0.004512 ]
		Tangent [ -1.000000 0.000000 0.000001 ]
		Color 0
		U0 0.021834
		V0 0.932880
		U1 0.000000
		V1 0.000000
	Vertex
		Position [ 1.893805 32.589211 104.452255 ]
		Normal [ 0.000000 0.999990 0.004512 ]
		Tangent [ -1.000000 0.000000 0.000000 ]
		Color 0
		U0 0.033728
		V0 0.911218
		U1 0.000000
		V1 0.000000
	Vertex
		Position [ 5.681395 32.589211 104.452255 ]
		Normal [ 0.000000 0.999990 0.004512 ]
		Tangent [ -1.000000 0.000000 0.000000 ]
		Color 0
		U0 0.026187
		V0 0.911218
		U1 0.000000
		V1 0.000000
	Vertex
		Position [ 9.468987 32.589211 104.452255 ]
		Normal [ 0.000000 0.999990 0.004512 ]
		Tangent [ -0.881997 0.470879 0.018820 ]
		Color 0
		U0 0.018646
		V0 0.911218
		U1 0.000000
		V1 0.000000
	Vertex
		Position [ 9.468987 32.541573 115.011063 ]
		Normal [ 0.000000 0.999990 0.004512 ]
		Tangent [ -1.000000 0.000000 0.000000 ]
		Color 0
		U0 0.018767
		V0 0.932880
		U1 0.000000
		V1 0.000000
	Vertex
		Position [ -7.928681 32.541573 115.011063 ]
		Normal [ 0.000000 0.999990 0.004512 ]
		Tangent [ -1.000000 0.000000 0.000000 ]
		Color 0
		U0 0.053406
		V0 0.932880
		U1 0.000000
		V1 0.000000
	Vertex
		Position [ -9.468966 32.541573 115.011063 ]
		Normal [ 0.000000 0.999990 0.004512 ]
		Tangent [ -1.000000 0.000000 -0.000003 ]
		Color 0
		U0 0.056473
		V0 0.932880
		U1 0.000000
		V1 0.000000
	Vertex
		Position [ -9.468967 32.589211 104.452255 ]
		Normal [ 0.000000 0.999990 0.004512 ]
		Tangent [ -0.831831 -0.554369 -0.027057 ]
		Color 0
		U0 0.056351
		V0 0.911218
		U1 0.000000
		V1 0.000000
	Vertex
		Position [ -5.681377 32.589211 104.452255 ]
		Normal [ 0.000000 0.999990 0.004512 ]
		Tangent [ -1.000000 0.000000 0.000000 ]
		Color 0
		U0 0.048810
		V0 0.911218
		U1 0.000000
		V1 0.000000
	Vertex
		Position [ -1.893787 32.589211 104.452255 ]
		Normal [ 0.000000 0.999990 0.004512 ]
		Tangent [ -1.000000 0.000000 0.000000 ]
		Color 0
		U0 0.041269
		V0 0.911218
		U1 0.000000
		V1 0.000000
	Vertex
		Position [ 11.139984 -31.382072 114.722656 ]
		Normal [ -0.000356 -0.880596 0.473868 ]
		Tangent [ 0.999981 -0.005888 0.001852 ]
		Color 0
		U0 0.501818
		V0 0.798720
		U1 0.000000
		V1 0.000000
	Vertex
		Position [ 11.139983 -32.488739 112.042175 ]
		Normal [ 0.000000 -0.924321 0.381616 ]
		Tangent [ 1.000000 0.000000 -0.000000 ]
		Color 0
		U0 0.501818
		V0 0.792791
		U1 0.000000
		V1 0.000000
	Vertex
		Position [ 7.957134 -32.488739 112.042175 ]
		Normal [ 0.005550 -0.922228 0.386606 ]
		Tangent [ 0.999902 0.013373 -0.004240 ]
		Color 0
		U0 0.495287
		V0 0.792791
		U1 0.000000
		V1 0.000000
	Vertex
		Position [ 4.774284 -32.488739 112.042175 ]
		Normal [ -0.005550 -0.922228 0.386606 ]
		Tangent [ 0.999982 -0.005734 0.001818 ]
		Color 0
		U0 0.488755
		V0 0.792791
		U1 0.000000
		V1 0.000000
	Vertex
		Position [ 1.591434 -32.488739 112.042175 ]
		Normal [ 0.005550 -0.922228 0.386606 ]
		Tangent [ 0.999928 0.011461 -0.003634 ]
		Color 0
		U0 0.482224
		V0 0.792791
		U1 0.000000
		V1 0.000000
	Vertex
		Position [ -11.139963 -31.382072 114.722656 ]
		Normal [ 0.000356 -0.880596 0.473868 ]
		Tangent [ 0.999989 0.004423 -0.001391 ]
		Color 0
		U0 0.456098
		V0 0.798720
		U1 0.000000
		V1 0.000000
	Vertex
		Position [ -1.591414 -32.488739 112.042175 ]
		Normal [ -0.005550 -0.922228 0.386606 ]
		Tangent [ 0.999982 -0.005734 0.001818 ]
		Color 0
		U0 0.475692
		V0 0.792791
		U1 0.000000
		V1 0.000000
	Vertex
		Position [ -4.774264 -32.488739 112.042175 ]
		Normal [ 0.005550 -0.922228 0.386606 ]
		Tangent [ 0.999902 0.013373 -0.004240 ]
		Color 0
		U0 0.469161
		V0 0.792791
		U1 0.000000
		V1 0.000000
	Vertex
		Position [ -7.957114 -32.488739 112.042175 ]
		Normal [ -0.005550 -0.922228 0.386606 ]
		Tangent [ 0.999982 -0.005734 0.001818 ]
		Color 0
		U0 0.462630
		V0 0.792791
		U1 0.000000
		V1 0.000000
	Vertex
		Position [ -11.139964 -32.488739 112.042175 ]
		Normal [ 0.000000 -0.924321 0.381616 ]
		Tangent [ 1.000000 0.000000 -0.000000 ]
		Color 0
		U0 0.456098
		V0 0.792791
		U1 0.000000
		V1 0.000000
	Vertex
		Position [ -11.964320 10.034228 114.909515 ]
		Normal [ -0.997675 0.051402 -0.044758 ]
		Tangent [ 0.043719 0.004025 -0.999036 ]
		Color 0
		U0 0.636046
		V0 0.634921
		U1 0.000000
		V1 0.000000
	Vertex
		Position [ -11.139965 6.279568 102.838707 ]
		Normal [ -0.000000 -0.022850 -0.999739 ]
		Tangent [ 1.000000 -0.000000 -0.000000 ]
		Color 0
		U0 0.906256
		V0 0.476454
		U1 0.000000
		V1 0.000000
	Vertex
		Position [ -11.139965 -18.419989 103.403229 ]
		Normal [ -0.000000 -0.022850 -0.999739 ]
		Tangent [ 1.000000 -0.000000 -0.000000 ]
		Color 0
		U0 0.906256
		V0 0.527151
		U1 0.000000
		V1 0.000000
	Vertex
		Position [ -6.683975 -18.419989 103.403229 ]
		Normal [ -0.000000 -0.028591 -0.999591 ]
		Tangent [ 1.000000 -0.000000 -0.000000 ]
		Color 0
		U0 0.915400
		V0 0.527151
		U1 0.000000
		V1 0.000000
	Vertex
		Position [ 6.683993 -18.419989 103.403229 ]
		Normal [ -0.000000 -0.028591 -0.999591 ]
		Tangent [ 1.000000 -0.000000 -0.000000 ]
		Color 0
		U0 0.942832
		V0 0.527151
		U1 0.000000
		V1 0.000000
	Vertex
		Position [ 11.139982 6.279568 102.838707 ]
		Normal [ -0.000000 -0.022850 -0.999739 ]
		Tangent [ 1.000000 -0.000000 -0.000000 ]
		Color 0
		U0 0.951976
		V0 0.476454
		U1 0.000000
		V1 0.000000
	Vertex
		Position [ 11.139982 -18.419989 103.403229 ]
		Normal [ -0.000000 -0.022850 -0.999739 ]
		Tangent [ 1.000000 -0.000000 -0.000000 ]
		Color 0
		U0 0.951976
		V0 0.527151
		U1 0.000000
		V1 0.000000
	Vertex
		Position [ 9.468987 27.516851 114.988373 ]
		Normal [ 0.000005 -0.004514 0.999990 ]
		Tangent [ -0.999892 -0.014674 -0.001035 ]
		Color 0
		U0 0.708602
		V0 0.119898
		U1 0.000000
		V1 0.000000
	Vertex
		Position [ 7.928701 27.516851 114.988388 ]
		Normal [ 0.000005 -0.004513 0.999990 ]
		Tangent [ -1.000000 0.000000 0.000007 ]
		Color 0
		U0 0.711763
		V0 0.119898
		U1 0.000000
		V1 0.000000
	Vertex
		Position [ 7.928701 32.541573 115.011063 ]
		Normal [ 0.000002 -0.004513 0.999990 ]
		Tangent [ -1.000000 0.000000 0.000001 ]
		Color 0
		U0 0.711763
		V0 0.109586
		U1 0.000000
		V1 0.000000
	Vertex
		Position [ 9.468987 32.541573 115.011063 ]
		Normal [ 0.000000 -0.004516 0.999990 ]
		Tangent [ -1.000000 0.000000 0.000000 ]
		Color 0
		U0 0.708602
		V0 0.109586
		U1 0.000000
		V1 0.000000
	Vertex
		Position [ 14.735421 26.309967 90.761871 ]
		Normal [ -0.000000 0.887994 -0.459856 ]
		Tangent [ -0.905151 0.422729 0.044748 ]
		Color 0
		U0 0.011152
		V0 0.882889
		U1 0.000000
		V1 0.000000
	Vertex
		Position [ 9.468986 32.596210 102.900764 ]
		Normal [ -0.000000 0.965763 -0.259426 ]
		Tangent [ -0.957913 0.282563 -0.050595 ]
		Color 0
		U0 0.018628
		V0 0.908035
		U1 0.000000
		V1 0.000000
	Vertex
		Position [ 5.681395 32.596210 102.900764 ]
		Normal [ -0.000000 0.949717 -0.313108 ]
		Tangent [ -1.000000 0.000000 0.000000 ]
		Color 0
		U0 0.026169
		V0 0.908035
		U1 0.000000
		V1 0.000000
	Vertex
		Position [ 1.893805 32.596210 102.900764 ]
		Normal [ -0.000000 0.949717 -0.313108 ]
		Tangent [ -1.000000 0.000000 0.000000 ]
		Color 0
		U0 0.033710
		V0 0.908035
		U1 0.000000
		V1 0.000000
	Vertex
		Position [ -14.735406 26.309967 90.761871 ]
		Normal [ -0.000000 0.887994 -0.459856 ]
		Tangent [ -0.905707 -0.422809 -0.030458 ]
		Color 0
		U0 0.069829
		V0 0.882889
		U1 0.000000
		V1 0.000000
	Vertex
		Position [ -1.893787 32.596210 102.900764 ]
		Normal [ -0.000000 0.949717 -0.313108 ]
		Tangent [ -1.000000 0.000000 0.000000 ]
		Color 0
		U0 0.041251
		V0 0.908035
		U1 0.000000
		V1 0.000000
	Vertex
		Position [ -5.681377 32.596210 102.900764 ]
		Normal [ -0.000000 0.949717 -0.313108 ]
		Tangent [ -1.000000 0.000000 0.000000 ]
		Color 0
		U0 0.048792
		V0 0.908035
		U1 0.000000
		V1 0.000000
	Vertex
		Position [ -9.468968 32.596210 102.900764 ]
		Normal [ -0.000000 0.965763 -0.259426 ]
		Tangent [ -0.977381 -0.209800 0.026647 ]
		Color 0
		U0 0.056333
		V0 0.908035
		U1 0.000000
		V1 0.000000
	Vertex
		Position [ 9.468987 27.516851 114.988373 ]
		Normal [ 0.994607 0.095652 0.040086 ]
		Tangent [ -0.037378 -0.004700 0.999290 ]
		Color 0
		U0 0.521323
		V0 0.438852
		U1 0.000000
		V1 0.000000
	Vertex
		Position [ 9.468987 32.541573 115.011063 ]
		Normal [ 1.000000 0.000000 -0.000000 ]
		Tangent [ 0.000000 -0.004512 0.999990 ]
		Color 0
		U0 0.521317
		V0 0.428541
		U1 0.000000
		V1 0.000000
	Vertex
		Position [ 9.468987 32.589211 104.452255 ]
		Normal [ 0.918626 0.374052 0.127327 ]
		Tangent [ -0.064102 -0.005607 0.997928 ]
		Color 0
		U0 0.499680
		V0 0.428541
		U1 0.000000
		V1 0.000000
	Vertex
		Position [ 14.735421 26.309967 90.761871 ]
		Normal [ 0.975071 0.091710 0.202054 ]
		Tangent [ -0.100658 0.071641 0.992338 ]
		Color 0
		U0 0.471122
		V0 0.441672
		U1 0.000000
		V1 0.000000
	Vertex
		Position [ 9.468986 32.596210 102.900764 ]
		Normal [ 0.769275 0.638911 0.002883 ]
		Tangent [ 0.050448 0.161130 0.985643 ]
		Color 0
		U0 0.496501
		V0 0.428541
		U1 0.000000
		V1 0.000000
	Vertex
		Position [ -9.468968 32.596210 102.900764 ]
		Normal [ -0.769275 0.638911 0.002883 ]
		Tangent [ 0.027191 -0.120113 -0.992388 ]
		Color 0
		U0 0.660620
		V0 0.588680
		U1 0.000000
		V1 0.000000
	Vertex
		Position [ -9.468967 32.589211 104.452255 ]
		Normal [ -0.918626 0.374052 0.127328 ]
		Tangent [ -0.064281 0.005763 -0.997915 ]
		Color 0
		U0 0.657440
		V0 0.588680
		U1 0.000000
		V1 0.000000
	Vertex
		Position [ -9.468966 32.541573 115.011063 ]
		Normal [ -1.000000 0.000000 0.000000 ]
		Tangent [ -0.000000 0.004512 -0.999990 ]
