TXT
MeshData
	maxDiffuseMipLevel 0
	hasValidTangents TRUE
	BoundingRadius 2727.652100
	MaxBoundingExtents [ 1048.076538 1156.132935 2668.649658 ]
	MinBoundingExtents [ -1073.988892 -1338.221191 -2640.384766 ]
	NumMaterials 1
	Material
		DiffuseTextureFileName "fpa_Lycus_diffuse.dds"
		SelfIlluminationTextureFileName "fpa_Lycus_data.dds"
		NormalTextureFileName "fpa_Lycus_bump.dds"
		DisplacementTextureFileName ""
		TeamColorTextureFileName ""
		Diffuse ffffffff
		Ambient ffffffff
		Specular ffffffff
		Emissive ffffffff
		Glossiness 10.000000
	NumPoints 93
	Point
		DataString "Center"
		Position [ 0.000000 0.000000 0.000000 ]
		Orientation
			 [ 1.000000 0.000000 -0.000000 ]
			 [ 0.000000 1.000000 -0.000000 ]
			 [ -0.000000 -0.000000 1.000000 ]
	Point
		DataString "Above"
		Position [ 0.000000 100.000000 0.000000 ]
		Orientation
			 [ 1.000000 0.000000 -0.000000 ]
			 [ 0.000000 1.000000 -0.000000 ]
			 [ -0.000000 -0.000000 1.000000 ]
	Point
		DataString "Aura"
		Position [ 0.000000 -100.000000 0.000000 ]
		Orientation
			 [ 1.000000 0.000000 -0.000000 ]
			 [ 0.000000 1.000000 -0.000000 ]
			 [ -0.000000 -0.000000 1.000000 ]
	Point
		DataString "Hangar"
		Position [ 0.000190 231.054428 2169.261719 ]
		Orientation
			 [ 0.923880 0.382682 -0.000000 ]
			 [ 0.000000 -0.000000 1.000000 ]
			 [ 0.382682 -0.923880 -0.000000 ]
	Point
		DataString "Hangar"
		Position [ 0.000190 231.054428 2169.261719 ]
		Orientation
			 [ 0.707108 0.707106 -0.000000 ]
			 [ 0.000000 -0.000000 1.000000 ]
			 [ 0.707106 -0.707108 -0.000000 ]
	Point
		DataString "Hangar"
		Position [ 0.000190 231.054428 2169.261719 ]
		Orientation
			 [ 0.382684 0.923879 -0.000000 ]
			 [ 0.000000 -0.000000 1.000000 ]
			 [ 0.923879 -0.382684 -0.000000 ]
	Point
		DataString "Hangar"
		Position [ 0.000190 231.054428 2169.261719 ]
		Orientation
			 [ 0.000001 1.000000 -0.000000 ]
			 [ 0.000000 -0.000000 1.000000 ]
			 [ 1.000000 -0.000001 -0.000000 ]
	Point
		DataString "Hangar"
		Position [ 0.000190 231.054428 2169.261719 ]
		Orientation
			 [ -0.382683 0.923880 0.000000 ]
			 [ 0.000001 0.000000 1.000000 ]
			 [ 0.923880 0.382683 -0.000001 ]
	Point
		DataString "Hangar"
		Position [ 0.000190 231.054428 2169.261719 ]
		Orientation
			 [ -0.707106 0.707107 -0.000000 ]
			 [ -0.000000 0.000000 1.000000 ]
			 [ 0.707107 0.707106 0.000000 ]
	Point
		DataString "Hangar"
		Position [ 0.000190 231.054428 2169.261719 ]
		Orientation
			 [ -0.923879 0.382684 -0.000000 ]
			 [ 0.000000 0.000000 1.000000 ]
			 [ 0.382684 0.923879 -0.000000 ]
	Point
		DataString "Hangar"
		Position [ 0.000190 231.054428 2169.261719 ]
		Orientation
			 [ -1.000000 0.000000 -0.000000 ]
			 [ 0.000000 0.000000 1.000000 ]
			 [ 0.000000 1.000000 -0.000000 ]
	Point
		DataString "Hangar"
		Position [ 0.000190 231.054428 2169.261719 ]
		Orientation
			 [ -0.923880 -0.382683 -0.000000 ]
			 [ -0.000000 0.000000 1.000000 ]
			 [ -0.382683 0.923880 -0.000000 ]
	Point
		DataString "Hangar"
		Position [ 0.000190 231.054428 2169.261719 ]
		Orientation
			 [ -0.707107 -0.707106 -0.000000 ]
			 [ -0.000000 0.000000 1.000000 ]
			 [ -0.707106 0.707107 -0.000000 ]
	Point
		DataString "Hangar"
		Position [ 0.000190 231.054428 2169.261719 ]
		Orientation
			 [ -0.382684 -0.923879 0.000000 ]
			 [ 0.000000 0.000000 1.000000 ]
			 [ -0.923879 0.382684 0.000000 ]
	Point
		DataString "Hangar"
		Position [ 0.000190 231.054428 2169.261719 ]
		Orientation
			 [ 0.000000 -1.000000 -0.000000 ]
			 [ -0.000000 -0.000000 1.000000 ]
			 [ -1.000000 -0.000000 -0.000000 ]
	Point
		DataString "Hangar"
		Position [ 0.000190 231.054428 2169.261719 ]
		Orientation
			 [ 0.382683 -0.923880 -0.000000 ]
			 [ -0.000000 -0.000000 1.000000 ]
			 [ -0.923880 -0.382683 -0.000000 ]
	Point
		DataString "Hangar"
		Position [ 0.000190 231.054428 2169.261719 ]
		Orientation
			 [ 0.707107 -0.707107 -0.000000 ]
			 [ -0.000000 -0.000000 1.000000 ]
			 [ -0.707107 -0.707107 -0.000000 ]
	Point
		DataString "Hangar"
		Position [ 0.000190 231.054428 2169.261719 ]
		Orientation
			 [ 0.923880 -0.382683 -0.000000 ]
			 [ -0.000000 -0.000000 1.000000 ]
			 [ -0.382683 -0.923880 -0.000000 ]
	Point
		DataString "Weapon-1"
		Position [ -528.375427 -454.487793 1078.805176 ]
		Orientation
			 [ -0.500000 0.000000 -0.866026 ]
			 [ -0.000000 -1.000000 -0.000000 ]
			 [ -0.866026 0.000000 0.500000 ]
	Point
		DataString "Hangar"
		Position [ 0.000190 231.054428 2169.261719 ]
		Orientation
			 [ 1.000000 0.000000 -0.000000 ]
			 [ 0.000000 -0.000000 1.000000 ]
			 [ -0.000000 -1.000000 -0.000000 ]
	Point
		DataString "Weapon-1"
		Position [ -895.714355 -454.487793 0.000444 ]
		Orientation
			 [ -0.000000 0.000000 1.000000 ]
			 [ 0.000000 1.000000 -0.000000 ]
			 [ -1.000000 -0.000000 -0.000000 ]
	Point
		DataString "Hangar"
		Position [ 0.000213 231.054428 2433.176270 ]
		Orientation
			 [ 0.923880 0.382682 -0.000000 ]
			 [ 0.000000 -0.000000 1.000000 ]
			 [ 0.382682 -0.923880 -0.000000 ]
	Point
		DataString "Weapon-1"
		Position [ -766.655640 -454.487793 -1115.965942 ]
		Orientation
			 [ 0.866025 0.000000 -0.500000 ]
			 [ -0.000000 -1.000000 -0.000000 ]
			 [ -0.500000 0.000000 -0.866025 ]
	Point
		DataString "Hangar"
		Position [ 0.000213 231.054428 2433.176270 ]
		Orientation
			 [ 0.707108 0.707106 -0.000000 ]
			 [ 0.000000 -0.000000 1.000000 ]
			 [ 0.707106 -0.707108 -0.000000 ]
	Point
		DataString "Weapon-1"
		Position [ -529.255859 -454.487793 -1653.923218 ]
		Orientation
			 [ 0.500000 0.000000 -0.866025 ]
			 [ -0.000000 -1.000000 -0.000000 ]
			 [ -0.866025 0.000000 -0.500000 ]
	Point
		DataString "Hangar"
		Position [ 0.000213 231.054428 2433.176270 ]
		Orientation
			 [ 0.382684 0.923879 -0.000000 ]
			 [ 0.000000 -0.000000 1.000000 ]
			 [ 0.923879 -0.382684 -0.000000 ]
	Point
		DataString "Weapon-1"
		Position [ -555.478149 454.487793 1078.805298 ]
		Orientation
			 [ -0.500000 0.000000 -0.866026 ]
			 [ -0.000000 -1.000000 -0.000000 ]
			 [ -0.866026 0.000000 0.500000 ]
	Point
		DataString "Hangar"
		Position [ 0.000213 231.054428 2433.176270 ]
		Orientation
			 [ 0.000001 1.000000 -0.000000 ]
			 [ 0.000000 -0.000000 1.000000 ]
			 [ 1.000000 -0.000001 -0.000000 ]
	Point
		DataString "Weapon-1"
		Position [ -938.779297 454.487793 0.000448 ]
		Orientation
			 [ -0.000000 0.000000 1.000000 ]
			 [ 0.000000 1.000000 -0.000000 ]
			 [ -1.000000 -0.000000 -0.000000 ]
	Point
		DataString "Hangar"
		Position [ 0.000213 231.054428 2433.176270 ]
		Orientation
			 [ -0.382683 0.923880 0.000000 ]
			 [ 0.000001 0.000000 1.000000 ]
			 [ 0.923880 0.382683 -0.000001 ]
	Point
		DataString "Weapon-1"
		Position [ -829.877441 454.487793 -1292.313110 ]
		Orientation
			 [ 0.500000 0.000000 -0.866025 ]
			 [ -0.000000 -1.000000 -0.000000 ]
			 [ -0.866025 0.000000 -0.500000 ]
	Point
		DataString "Hangar"
		Position [ 0.000213 231.054428 2433.176270 ]
		Orientation
			 [ -0.707106 0.707107 -0.000000 ]
			 [ -0.000000 0.000000 1.000000 ]
			 [ 0.707107 0.707106 0.000000 ]
	Point
		DataString "Weapon-1"
		Position [ -508.936829 454.487793 -1868.544189 ]
		Orientation
			 [ 0.866025 0.000000 -0.500000 ]
			 [ -0.000000 -1.000000 -0.000000 ]
			 [ -0.500000 0.000000 -0.866025 ]
	Point
		DataString "Hangar"
		Position [ 0.000213 231.054428 2433.176270 ]
		Orientation
			 [ -0.923879 0.382684 -0.000000 ]
			 [ 0.000000 0.000000 1.000000 ]
			 [ 0.382684 0.923879 -0.000000 ]
	Point
		DataString "Weapon-1"
		Position [ 472.863861 -454.487793 1078.805176 ]
		Orientation
			 [ 0.500000 0.000000 -0.866026 ]
			 [ 0.000000 1.000000 -0.000000 ]
			 [ 0.866026 -0.000000 0.500000 ]
	Point
		DataString "Hangar"
		Position [ 0.000213 231.054428 2433.176270 ]
		Orientation
			 [ -1.000000 0.000000 -0.000000 ]
			 [ 0.000000 0.000000 1.000000 ]
			 [ 0.000000 1.000000 -0.000000 ]
	Point
		DataString "Weapon-1"
		Position [ 895.714355 -454.487793 0.000288 ]
		Orientation
			 [ -0.000000 0.000000 -1.000000 ]
			 [ 0.000000 1.000000 -0.000000 ]
			 [ 1.000000 -0.000000 -0.000000 ]
	Point
		DataString "Hangar"
		Position [ 0.000213 231.054428 2433.176270 ]
		Orientation
			 [ -0.923880 -0.382683 -0.000000 ]
			 [ -0.000000 0.000000 1.000000 ]
			 [ -0.382683 0.923880 -0.000000 ]
	Point
		DataString "Weapon-1"
		Position [ 646.888184 -454.487793 -1292.313232 ]
		Orientation
			 [ -0.500000 0.000000 -0.866025 ]
			 [ 0.000000 1.000000 -0.000000 ]
			 [ 0.866025 -0.000000 -0.500000 ]
	Point
		DataString "Hangar"
		Position [ 0.000213 231.054428 2433.176270 ]
		Orientation
			 [ -0.707107 -0.707106 -0.000000 ]
			 [ -0.000000 0.000000 1.000000 ]
			 [ -0.707106 0.707107 -0.000000 ]
	Point
		DataString "Weapon-1"
		Position [ 462.631897 -454.487793 -1868.544189 ]
		Orientation
			 [ -0.866025 0.000000 -0.500000 ]
			 [ 0.000000 1.000000 -0.000000 ]
			 [ 0.500000 -0.000000 -0.866025 ]
	Point
		DataString "Hangar"
		Position [ 0.000213 231.054428 2433.176270 ]
		Orientation
			 [ -0.382684 -0.923879 0.000000 ]
			 [ 0.000000 0.000000 1.000000 ]
			 [ -0.923879 0.382684 0.000000 ]
	Point
		DataString "Weapon-1"
		Position [ 555.478394 454.487793 1078.805176 ]
		Orientation
			 [ 0.500000 0.000000 -0.866026 ]
			 [ 0.000000 1.000000 -0.000000 ]
			 [ 0.866026 -0.000000 0.500000 ]
	Point
		DataString "Hangar"
		Position [ 0.000213 231.054428 2433.176270 ]
		Orientation
			 [ 0.000000 -1.000000 -0.000000 ]
			 [ -0.000000 -0.000000 1.000000 ]
			 [ -1.000000 -0.000000 -0.000000 ]
	Point
		DataString "Weapon-1"
		Position [ 872.997559 454.487793 0.000290 ]
		Orientation
			 [ -0.000000 0.000000 -1.000000 ]
			 [ 0.000000 1.000000 -0.000000 ]
			 [ 1.000000 -0.000000 -0.000000 ]
	Point
		DataString "Hangar"
		Position [ 0.000213 231.054428 2433.176270 ]
		Orientation
			 [ 0.382683 -0.923880 -0.000000 ]
			 [ -0.000000 -0.000000 1.000000 ]
			 [ -0.923880 -0.382683 -0.000000 ]
	Point
		DataString "Weapon-1"
		Position [ 789.189941 454.487793 -1292.313354 ]
		Orientation
			 [ -0.500000 0.000000 -0.866025 ]
			 [ 0.000000 1.000000 -0.000000 ]
			 [ 0.866025 -0.000000 -0.500000 ]
	Point
		DataString "Hangar"
		Position [ 0.000213 231.054428 2433.176270 ]
		Orientation
			 [ 0.707107 -0.707107 -0.000000 ]
			 [ -0.000000 -0.000000 1.000000 ]
			 [ -0.707107 -0.707107 -0.000000 ]
	Point
		DataString "Weapon-1"
		Position [ 453.312073 454.487793 -1868.544189 ]
		Orientation
			 [ -0.866025 0.000000 -0.500000 ]
			 [ 0.000000 1.000000 -0.000000 ]
			 [ 0.500000 -0.000000 -0.866025 ]
	Point
		DataString "Hangar"
		Position [ 0.000213 231.054428 2433.176270 ]
		Orientation
			 [ 0.923880 -0.382683 -0.000000 ]
			 [ -0.000000 -0.000000 1.000000 ]
			 [ -0.382683 -0.923880 -0.000000 ]
	Point
		DataString "Weapon-1"
		Position [ -0.000189 454.487793 -2157.609131 ]
		Orientation
			 [ -1.000000 0.000000 -0.000000 ]
			 [ 0.000000 1.000000 -0.000000 ]
			 [ 0.000000 -0.000000 -1.000000 ]
	Point
		DataString "Hangar"
		Position [ 0.000213 231.054428 2433.176270 ]
		Orientation
			 [ 1.000000 0.000000 -0.000000 ]
			 [ 0.000000 -0.000000 1.000000 ]
			 [ -0.000000 -1.000000 -0.000000 ]
	Point
		DataString "Weapon-0"
		Position [ 326.951355 5.691446 -2201.742676 ]
		Orientation
			 [ -0.866025 0.000000 -0.500000 ]
			 [ 0.000000 1.000000 -0.000000 ]
			 [ 0.500000 -0.000000 -0.866025 ]
	Point
		DataString "Weapon-0"
		Position [ 326.951355 -5.691446 -2201.742676 ]
		Orientation
			 [ -0.866025 0.000000 -0.500000 ]
			 [ 0.000000 1.000000 -0.000000 ]
			 [ 0.500000 -0.000000 -0.866025 ]
	Point
		DataString "Weapon-0"
		Position [ 317.685974 5.691446 -2201.742676 ]
		Orientation
			 [ -0.866025 0.000000 -0.500000 ]
			 [ 0.000000 1.000000 -0.000000 ]
			 [ 0.500000 -0.000000 -0.866025 ]
	Point
		DataString "Weapon-0"
		Position [ 317.688171 -5.691446 -2201.742676 ]
		Orientation
			 [ -0.866025 0.000000 -0.500000 ]
			 [ 0.000000 1.000000 -0.000000 ]
			 [ 0.500000 -0.000000 -0.866025 ]
	Point
		DataString "Weapon-0"
		Position [ -585.962219 5.691446 1210.723999 ]
		Orientation
			 [ 0.866025 0.000000 0.500000 ]
			 [ 0.000000 1.000000 -0.000000 ]
			 [ -0.500000 -0.000000 0.866025 ]
	Point
		DataString "Weapon-0"
		Position [ -585.962219 -5.691446 1210.723999 ]
		Orientation
			 [ 0.866025 0.000000 0.500000 ]
			 [ 0.000000 1.000000 -0.000000 ]
			 [ -0.500000 -0.000000 0.866025 ]
	Point
		DataString "Weapon-0"
		Position [ -590.594543 5.691446 1202.700562 ]
		Orientation
			 [ 0.866025 0.000000 0.500000 ]
			 [ 0.000000 1.000000 -0.000000 ]
			 [ -0.500000 -0.000000 0.866025 ]
	Point
		DataString "Weapon-0"
		Position [ -590.593567 -5.691446 1202.702026 ]
		Orientation
			 [ 0.866025 0.000000 0.500000 ]
			 [ 0.000000 1.000000 -0.000000 ]
			 [ -0.500000 -0.000000 0.866025 ]
	Point
		DataString "Weapon-0"
		Position [ -998.397522 5.691446 -817.723022 ]
		Orientation
			 [ -0.000000 0.000000 1.000000 ]
			 [ 0.000000 1.000000 -0.000000 ]
			 [ -1.000000 -0.000000 -0.000000 ]
	Point
		DataString "Weapon-0"
		Position [ -998.397522 -5.691446 -817.723022 ]
		Orientation
			 [ -0.000000 0.000000 1.000000 ]
			 [ 0.000000 1.000000 -0.000000 ]
			 [ -1.000000 -0.000000 -0.000000 ]
	Point
		DataString "Weapon-0"
		Position [ -993.765198 5.691446 -825.746460 ]
		Orientation
			 [ -0.000000 0.000000 1.000000 ]
			 [ 0.000000 1.000000 -0.000000 ]
			 [ -1.000000 -0.000000 -0.000000 ]
	Point
		DataString "Weapon-0"
		Position [ -993.766174 -5.691446 -825.744995 ]
		Orientation
			 [ -0.000000 0.000000 1.000000 ]
			 [ 0.000000 1.000000 -0.000000 ]
			 [ -1.000000 -0.000000 -0.000000 ]
	Point
		DataString "Weapon-0"
		Position [ -753.614258 5.691446 -1743.289551 ]
		Orientation
			 [ -0.500000 0.000000 0.866025 ]
			 [ 0.000000 1.000000 -0.000000 ]
			 [ -0.866025 -0.000000 -0.500000 ]
	Point
		DataString "Weapon-0"
		Position [ -753.614258 -5.691446 -1743.289551 ]
		Orientation
			 [ -0.500000 0.000000 0.866025 ]
			 [ 0.000000 1.000000 -0.000000 ]
			 [ -0.866025 -0.000000 -0.500000 ]
	Point
		DataString "Weapon-0"
		Position [ -745.590393 5.691446 -1747.921387 ]
		Orientation
			 [ -0.500000 0.000000 0.866025 ]
			 [ 0.000000 1.000000 -0.000000 ]
			 [ -0.866025 -0.000000 -0.500000 ]
	Point
		DataString "Weapon-0"
		Position [ -745.591858 -5.691446 -1747.920898 ]
		Orientation
			 [ -0.500000 0.000000 0.866025 ]
			 [ 0.000000 1.000000 -0.000000 ]
			 [ -0.866025 -0.000000 -0.500000 ]
	Point
		DataString "Weapon-0"
		Position [ -326.951721 5.691446 -2220.952393 ]
		Orientation
			 [ -0.866025 0.000000 0.500000 ]
			 [ 0.000000 1.000000 -0.000000 ]
			 [ -0.500000 -0.000000 -0.866025 ]
	Point
		DataString "Weapon-0"
		Position [ -326.951721 -5.691446 -2220.952393 ]
		Orientation
			 [ -0.866025 0.000000 0.500000 ]
			 [ 0.000000 1.000000 -0.000000 ]
			 [ -0.500000 -0.000000 -0.866025 ]
	Point
		DataString "Weapon-0"
		Position [ -317.686340 5.691446 -2220.952393 ]
		Orientation
			 [ -0.866025 0.000000 0.500000 ]
			 [ 0.000000 1.000000 -0.000000 ]
			 [ -0.500000 -0.000000 -0.866025 ]
	Point
		DataString "Weapon-0"
		Position [ -317.688538 -5.691446 -2220.952393 ]
		Orientation
			 [ -0.866025 0.000000 0.500000 ]
			 [ 0.000000 1.000000 -0.000000 ]
			 [ -0.500000 -0.000000 -0.866025 ]
	Point
		DataString "Weapon-0"
		Position [ 539.614319 5.691446 1210.723999 ]
		Orientation
			 [ 0.866025 0.000000 -0.500000 ]
			 [ 0.000000 1.000000 -0.000000 ]
			 [ 0.500000 -0.000000 0.866025 ]
	Point
		DataString "Weapon-0"
		Position [ 539.614319 -5.691446 1210.723999 ]
		Orientation
			 [ 0.866025 0.000000 -0.500000 ]
			 [ 0.000000 1.000000 -0.000000 ]
			 [ 0.500000 -0.000000 0.866025 ]
	Point
		DataString "Weapon-0"
		Position [ 544.246643 5.691446 1202.700562 ]
		Orientation
			 [ 0.866025 0.000000 -0.500000 ]
			 [ 0.000000 1.000000 -0.000000 ]
			 [ 0.500000 -0.000000 0.866025 ]
	Point
		DataString "Weapon-0"
		Position [ 544.245667 -5.691446 1202.702026 ]
		Orientation
			 [ 0.866025 0.000000 -0.500000 ]
			 [ 0.000000 1.000000 -0.000000 ]
			 [ 0.500000 -0.000000 0.866025 ]
	Point
		DataString "Weapon-0"
		Position [ 745.591492 -5.691446 -1747.921143 ]
		Orientation
			 [ -0.500000 0.000000 -0.866025 ]
			 [ 0.000000 1.000000 -0.000000 ]
			 [ 0.866025 -0.000000 -0.500000 ]
	Point
		DataString "Weapon-0"
		Position [ 745.590027 5.691446 -1747.921631 ]
		Orientation
			 [ -0.500000 0.000000 -0.866025 ]
			 [ 0.000000 1.000000 -0.000000 ]
			 [ 0.866025 -0.000000 -0.500000 ]
	Point
		DataString "Weapon-0"
		Position [ 753.614014 -5.691446 -1743.289795 ]
		Orientation
			 [ -0.500000 0.000000 -0.866025 ]
			 [ 0.000000 1.000000 -0.000000 ]
			 [ 0.866025 -0.000000 -0.500000 ]
	Point
		DataString "Weapon-0"
		Position [ 753.614014 5.691446 -1743.289795 ]
		Orientation
			 [ -0.500000 0.000000 -0.866025 ]
			 [ 0.000000 1.000000 -0.000000 ]
			 [ 0.866025 -0.000000 -0.500000 ]
	Point
		DataString "Weapon-0"
		Position [ 937.415100 5.691446 326.951752 ]
		Orientation
			 [ 0.500000 0.000000 -0.866025 ]
			 [ 0.000000 1.000000 -0.000000 ]
			 [ 0.866025 -0.000000 0.500000 ]
	Point
		DataString "Weapon-0"
		Position [ 937.415100 -5.691446 326.951752 ]
		Orientation
			 [ 0.500000 0.000000 -0.866025 ]
			 [ 0.000000 1.000000 -0.000000 ]
			 [ 0.866025 -0.000000 0.500000 ]
	Point
		DataString "Weapon-0"
		Position [ 937.415100 5.691446 317.686859 ]
		Orientation
			 [ 0.500000 0.000000 -0.866025 ]
			 [ 0.000000 1.000000 -0.000000 ]
			 [ 0.866025 -0.000000 0.500000 ]
	Point
		DataString "Weapon-0"
		Position [ 937.415100 -5.691446 317.688568 ]
		Orientation
			 [ 0.500000 0.000000 -0.866025 ]
			 [ 0.000000 1.000000 -0.000000 ]
			 [ 0.866025 -0.000000 0.500000 ]
	Point
		DataString "Weapon-0"
		Position [ 987.385620 5.691446 -817.723145 ]
		Orientation
			 [ -0.000000 0.000000 -1.000000 ]
			 [ 0.000000 1.000000 -0.000000 ]
			 [ 1.000000 -0.000000 -0.000000 ]
	Point
		DataString "Weapon-0"
		Position [ 987.385620 -5.691446 -817.723145 ]
		Orientation
			 [ -0.000000 0.000000 -1.000000 ]
			 [ 0.000000 1.000000 -0.000000 ]
			 [ 1.000000 -0.000000 -0.000000 ]
	Point
		DataString "Weapon-0"
		Position [ 982.753296 5.691446 -825.746582 ]
		Orientation
			 [ -0.000000 0.000000 -1.000000 ]
			 [ 0.000000 1.000000 -0.000000 ]
			 [ 1.000000 -0.000000 -0.000000 ]
	Point
		DataString "Weapon-0"
		Position [ 982.754272 -5.691446 -825.745117 ]
		Orientation
			 [ -0.000000 0.000000 -1.000000 ]
			 [ 0.000000 1.000000 -0.000000 ]
			 [ 1.000000 -0.000000 -0.000000 ]
	Point
		DataString "-Tech_ShipyardBuildEffect1"
		Position [ 0.000153 231.054443 1752.209351 ]
		Orientation
			 [ 1.000000 0.000000 -0.000000 ]
			 [ 0.000000 1.000000 -0.000000 ]
			 [ -0.000000 -0.000000 1.000000 ]
	Point
		DataString "Weapon-0"
		Position [ -937.415100 -5.691446 317.688751 ]
		Orientation
			 [ 0.500000 0.000000 0.866025 ]
			 [ 0.000000 1.000000 -0.000000 ]
			 [ -0.866025 -0.000000 0.500000 ]
	Point
		DataString "Weapon-0"
		Position [ -937.415100 5.691446 317.687042 ]
		Orientation
			 [ 0.500000 0.000000 0.866025 ]
			 [ 0.000000 1.000000 -0.000000 ]
			 [ -0.866025 -0.000000 0.500000 ]
	Point
		DataString "Weapon-0"
		Position [ -937.415100 -5.691446 326.951935 ]
		Orientation
			 [ 0.500000 0.000000 0.866025 ]
			 [ 0.000000 1.000000 -0.000000 ]
			 [ -0.866025 -0.000000 0.500000 ]
	Point
		DataString "Weapon-0"
		Position [ -937.415100 5.691446 326.951935 ]
		Orientation
			 [ 0.500000 0.000000 0.866025 ]
			 [ 0.000000 1.000000 -0.000000 ]
			 [ -0.866025 -0.000000 0.500000 ]
	NumVertices 4753
	Vertex
		Position [ 999.206421 153.720856 -123.013725 ]
		Normal [ 0.991176 0.123397 0.048416 ]
		Tangent [ -0.060280 0.089766 0.994137 ]
		Color 0
		U0 0.215228
		V0 0.385139
		U1 0.000000
		V1 0.000000
	Vertex
		Position [ 1003.890625 122.743256 -193.076584 ]
		Normal [ 0.991578 0.124041 -0.037245 ]
		Tangent [ 0.031060 0.121290 0.992131 ]
		Color 0
		U0 0.208954
		V0 0.387118
		U1 0.000000
		V1 0.000000
	Vertex
		Position [ 1005.968079 18.594856 -108.082207 ]
		Normal [ 0.997277 -0.003429 0.073668 ]
		Tangent [ -0.060948 0.122084 0.990647 ]
		Color 0
		U0 0.215242
		V0 0.396796
		U1 0.000000
		V1 0.000000
	Vertex
		Position [ 1005.270569 92.040138 -263.589691 ]
		Normal [ 0.984770 0.173663 0.008304 ]
		Tangent [ -0.033384 0.119278 0.992299 ]
		Color 0
		U0 0.202703
		V0 0.388989
		U1 0.000000
		V1 0.000000
	Vertex
		Position [ 1008.885315 0.664240 -251.838074 ]
		Normal [ 0.997848 -0.065230 0.006631 ]
		Tangent [ -0.008950 0.133870 0.990958 ]
		Color 0
		U0 0.202714
		V0 0.396785
		U1 0.000000
		V1 0.000000
	Vertex
		Position [ 1011.578674 61.539574 -333.800812 ]
		Normal [ 0.997107 0.071921 0.024583 ]
		Tangent [ -0.037727 0.128499 0.990992 ]
		Color 0
		U0 0.196445
		V0 0.390814
		U1 0.000000
		V1 0.000000
	Vertex
		Position [ 1006.161682 97.940346 -302.898254 ]
		Normal [ 0.961086 0.275343 0.022342 ]
		Tangent [ -0.057818 0.117295 0.991413 ]
		Color 0
		U0 0.199433
		V0 0.388123
		U1 0.000000
		V1 0.000000
	Vertex
		Position [ 990.745056 130.926361 -273.967407 ]
		Normal [ 0.960007 0.279243 -0.020221 ]
		Tangent [ -0.038050 0.113806 0.992774 ]
		Color 0
		U0 0.202179
		V0 0.385461
		U1 0.000000
		V1 0.000000
	Vertex
		Position [ 990.664917 105.214584 23.578987 ]
		Normal [ 0.990704 0.053354 0.125134 ]
		Tangent [ -0.143265 0.092400 0.985362 ]
		Color 0
		U0 0.228020
		V0 0.390532
		U1 0.000000
		V1 0.000000
	Vertex
		Position [ 994.659668 165.275574 -198.638107 ]
		Normal [ 0.974710 0.192161 -0.114077 ]
		Tangent [ 0.097542 0.123367 0.987556 ]
		Color 0
		U0 0.208822
		V0 0.383411
		U1 0.000000
		V1 0.000000
	Vertex
		Position [ 994.644714 181.068008 -162.753952 ]
		Normal [ 0.980171 0.194862 -0.035973 ]
		Tangent [ 0.023159 0.108468 0.993830 ]
		Color 0
		U0 0.212010
		V0 0.382423
		U1 0.000000
		V1 0.000000
	Vertex
		Position [ 986.321472 205.110672 -205.905975 ]
		Normal [ 0.984801 0.160349 -0.066745 ]
		Tangent [ 0.037956 0.108668 0.993353 ]
		Color 0
		U0 0.208497
		V0 0.379942
		U1 0.000000
		V1 0.000000
	Vertex
		Position [ 967.324707 246.810074 84.886093 ]
		Normal [ 0.975535 0.182078 0.123203 ]
		Tangent [ -0.121541 0.040321 0.991767 ]
		Color 0
		U0 0.234396
		V0 0.377946
		U1 0.000000
		V1 0.000000
	Vertex
		Position [ 987.635925 217.433716 -130.139832 ]
		Normal [ 0.974727 0.222601 0.018850 ]
		Tangent [ -0.026493 0.077336 0.996653 ]
		Color 0
		U0 0.215054
		V0 0.379533
		U1 0.000000
		V1 0.000000
	Vertex
		Position [ 955.873169 67.586967 227.348984 ]
		Normal [ 0.971856 0.082366 0.220709 ]
		Tangent [ -0.231248 0.093140 0.968426 ]
		Color 0
		U0 0.247353
		V0 0.395974
		U1 0.000000
		V1 0.000000
	Vertex
		Position [ 976.363037 8.133228 120.304321 ]
		Normal [ 0.985383 -0.052485 0.162068 ]
		Tangent [ -0.157170 0.129329 0.979067 ]
		Color 0
		U0 0.236262
		V0 0.400543
		U1 0.000000
		V1 0.000000
	Vertex
		Position [ 940.174744 38.030174 290.306396 ]
		Normal [ 0.974375 0.030044 0.222913 ]
		Tangent [ -0.226274 0.105231 0.968363 ]
		Color 0
		U0 0.253448
		V0 0.399673
		U1 0.000000
		V1 0.000000
	Vertex
		Position [ 966.432800 92.844994 158.830307 ]
		Normal [ 0.977292 0.022523 0.210699 ]
		Tangent [ -0.218104 0.080146 0.972629 ]
		Color 0
		U0 0.240784
		V0 0.392871
		U1 0.000000
		V1 0.000000
	Vertex
		Position [ 946.552002 115.185371 219.585876 ]
		Normal [ 0.938496 0.184570 0.291822 ]
		Tangent [ -0.301304 0.050911 0.952168 ]
		Color 0
		U0 0.247176
		V0 0.391028
		U1 0.000000
		V1 0.000000
	Vertex
		Position [ 967.880493 116.819878 157.537537 ]
		Normal [ 0.970060 0.019810 0.242057 ]
		Tangent [ -0.226240 0.068190 0.971682 ]
		Color 0
		U0 0.240772
		V0 0.390579
		U1 0.000000
		V1 0.000000
	Vertex
		Position [ 970.366211 149.886871 121.908318 ]
		Normal [ 0.985121 0.086751 0.148362 ]
		Tangent [ -0.152063 0.068023 0.986027 ]
		Color 0
		U0 0.237560
		V0 0.387137
		U1 0.000000
		V1 0.000000
	Vertex
		Position [ 963.016846 186.777313 155.514557 ]
		Normal [ 0.970641 0.088157 0.223793 ]
		Tangent [ -0.253527 0.009148 0.967285 ]
		Color 0
		U0 0.240967
		V0 0.383799
		U1 0.000000
		V1 0.000000
	Vertex
		Position [ 959.818909 298.197052 -0.629128 ]
		Normal [ 0.941591 0.334255 0.040984 ]
		Tangent [ -0.047178 0.019642 0.998693 ]
		Color 0
		U0 0.226930
		V0 0.372967
		U1 0.000000
		V1 0.000000
	Vertex
		Position [ 971.628479 275.793304 -147.336609 ]
		Normal [ 0.942857 0.333119 0.007224 ]
		Tangent [ -0.029066 0.065394 0.997436 ]
		Color 0
		U0 0.213903
		V0 0.374292
		U1 0.000000
		V1 0.000000
	Vertex
		Position [ 941.785278 341.042328 -110.271141 ]
		Normal [ 0.900231 0.435354 0.007183 ]
		Tangent [ -0.030109 0.036043 0.998897 ]
		Color 0
		U0 0.217445
		V0 0.368473
		U1 0.000000
		V1 0.000000
	Vertex
		Position [ 923.966003 386.359009 -303.538391 ]
		Normal [ 0.886388 0.462927 0.003812 ]
		Tangent [ -0.040605 0.046040 0.998114 ]
		Color 0
		U0 0.201748
		V0 0.363709
		U1 0.000000
		V1 0.000000
	Vertex
		Position [ 923.183044 55.143013 351.282227 ]
		Normal [ 0.945334 -0.002219 0.326096 ]
		Tangent [ -0.319053 0.103671 0.942050 ]
		Color 0
		U0 0.260203
		V0 0.398548
		U1 0.000000
		V1 0.000000
	Vertex
		Position [ 934.590820 71.641808 320.753571 ]
		Normal [ 0.973529 0.017084 0.227926 ]
		Tangent [ -0.228518 0.093001 0.969087 ]
		Color 0
		U0 0.257035
		V0 0.396484
		U1 0.000000
		V1 0.000000
	Vertex
		Position [ 932.572815 -39.711990 341.519653 ]
		Normal [ 0.970802 -0.015189 0.239401 ]
		Tangent [ -0.261416 0.144793 0.954304 ]
		Color 0
		U0 0.257488
		V0 0.408274
		U1 0.000000
		V1 0.000000
	Vertex
		Position [ 925.164673 105.032387 349.494202 ]
		Normal [ 0.969531 0.121740 0.212579 ]
		Tangent [ -0.237543 0.085571 0.967601 ]
		Color 0
		U0 0.260573
		V0 0.393163
		U1 0.000000
		V1 0.000000
	Vertex
		Position [ 900.910828 21.878826 410.213318 ]
		Normal [ 0.888060 0.111851 0.445913 ]
		Tangent [ -0.456817 0.121509 0.881223 ]
		Color 0
		U0 0.266417
		V0 0.402863
		U1 0.000000
		V1 0.000000
	Vertex
		Position [ 937.698242 86.908981 286.657074 ]
		Normal [ 0.964286 0.186252 0.188315 ]
		Tangent [ -0.197429 0.081632 0.976912 ]
		Color 0
		U0 0.253742
		V0 0.394518
		U1 0.000000
		V1 0.000000
	Vertex
		Position [ 923.687988 134.635956 280.282959 ]
		Normal [ 0.950784 0.240773 0.195032 ]
		Tangent [ -0.224800 0.054032 0.972906 ]
		Color 0
		U0 0.253794
		V0 0.389311
		U1 0.000000
		V1 0.000000
	Vertex
		Position [ 928.779724 148.731750 247.928528 ]
		Normal [ 0.939447 0.144226 0.310868 ]
		Tangent [ -0.316921 0.025408 0.948112 ]
		Color 0
		U0 0.250586
		V0 0.387686
		U1 0.000000
		V1 0.000000
	Vertex
		Position [ 916.456116 144.080139 312.812683 ]
		Normal [ 0.972565 0.205622 0.108798 ]
		Tangent [ -0.129280 0.071226 0.989047 ]
		Color 0
		U0 0.257299
		V0 0.388524
		U1 0.000000
		V1 0.000000
	Vertex
		Position [ 915.735352 182.509735 281.001617 ]
		Normal [ 0.966238 0.021217 0.256776 ]
		Tangent [ -0.220707 0.032050 0.974814 ]
		Color 0
		U0 0.254214
		V0 0.384299
		U1 0.000000
		V1 0.000000
	Vertex
		Position [ 942.670166 318.687012 143.171143 ]
		Normal [ 0.951710 0.282969 0.119066 ]
		Tangent [ -0.112436 -0.027685 0.993273 ]
		Color 0
		U0 0.240006
		V0 0.370917
		U1 0.000000
		V1 0.000000
	Vertex
		Position [ 925.869263 371.554504 -51.916435 ]
		Normal [ 0.873007 0.487591 -0.010664 ]
		Tangent [ -0.007055 0.014600 0.999869 ]
		Color 0
		U0 0.222607
		V0 0.365738
		U1 0.000000
		V1 0.000000
	Vertex
		Position [ 925.947205 373.116211 -97.052673 ]
		Normal [ 0.842422 0.538710 -0.010803 ]
		Tangent [ -0.009756 0.035297 0.999329 ]
		Color 0
		U0 0.218719
		V0 0.365539
		U1 0.000000
		V1 0.000000
	Vertex
		Position [ 927.846924 366.035675 36.282978 ]
		Normal [ 0.899822 0.435532 0.025149 ]
		Tangent [ -0.013798 -0.016207 0.999773 ]
		Color 0
		U0 0.230306
		V0 0.366277
		U1 0.000000
		V1 0.000000
	Vertex
		Position [ 902.578674 402.479126 -86.632408 ]
		Normal [ 0.744181 0.667978 0.000744 ]
		Tangent [ -0.001480 0.014049 0.999900 ]
		Color 0
		U0 0.219665
		V0 0.362494
		U1 0.000000
		V1 0.000000
	Vertex
		Position [ 868.632507 12.852202 464.700104 ]
		Normal [ 0.934439 0.295601 0.198603 ]
		Tangent [ -0.286349 0.133467 0.948784 ]
		Color 0
		U0 0.272792
		V0 0.404468
		U1 0.000000
		V1 0.000000
	Vertex
		Position [ 864.738525 37.323780 462.222626 ]
		Normal [ 0.990866 -0.044206 0.127402 ]
		Tangent [ -0.078612 0.102728 0.991598 ]
		Color 0
		U0 0.273040
		V0 0.402027
		U1 0.000000
		V1 0.000000
	Vertex
		Position [ 878.158569 53.968857 433.197418 ]
		Normal [ 0.844751 -0.202914 0.495199 ]
		Tangent [ -0.494324 0.116056 0.861496 ]
		Color 0
		U0 0.270185
		V0 0.399996
		U1 0.000000
		V1 0.000000
	Vertex
		Position [ 872.272095 46.352234 496.195740 ]
		Normal [ 0.989066 -0.145613 -0.023349 ]
		Tangent [ 0.072942 0.142400 0.987118 ]
		Color 0
		U0 0.276787
		V0 0.401497
		U1 0.000000
		V1 0.000000
	Vertex
		Position [ 872.238403 5.577316 530.018250 ]
		Normal [ 0.991238 0.065794 0.114533 ]
		Tangent [ -0.118345 0.177747 0.976934 ]
		Color 0
		U0 0.279482
		V0 0.406632
		U1 0.000000
		V1 0.000000
	Vertex
		Position [ 885.500610 87.985252 468.509277 ]
		Normal [ 0.961079 -0.194409 0.196295 ]
		Tangent [ -0.175299 0.113697 0.977928 ]
		Color 0
		U0 0.274047
		V0 0.396345
		U1 0.000000
		V1 0.000000
	Vertex
		Position [ 905.640076 71.706322 409.595306 ]
		Normal [ 0.913349 -0.064221 0.402082 ]
		Tangent [ -0.428824 0.114486 0.896104 ]
		Color 0
		U0 0.266923
		V0 0.397391
		U1 0.000000
		V1 0.000000
	Vertex
		Position [ 902.292053 96.457977 408.095612 ]
		Normal [ 0.943913 0.052277 0.326029 ]
		Tangent [ -0.323430 0.078929 0.942955 ]
		Color 0
		U0 0.267205
		V0 0.394619
		U1 0.000000
		V1 0.000000
	Vertex
		Position [ 902.776367 121.409210 409.656342 ]
		Normal [ 0.944076 0.008272 0.329623 ]
		Tangent [ -0.331061 0.054237 0.942049 ]
		Color 0
		U0 0.267629
		V0 0.391834
		U1 0.000000
		V1 0.000000
	Vertex
		Position [ 915.042114 138.211365 381.543915 ]
		Normal [ 0.954472 0.179385 0.238335 ]
		Tangent [ -0.277455 0.056893 0.959053 ]
		Color 0
		U0 0.264444
		V0 0.389819
		U1 0.000000
		V1 0.000000
	Vertex
		Position [ 894.294495 129.644272 441.370117 ]
		Normal [ 0.976896 0.007003 0.213600 ]
		Tangent [ -0.216384 0.098217 0.971355 ]
		Color 0
		U0 0.271394
		V0 0.391186
		U1 0.000000
		V1 0.000000
	Vertex
		Position [ 896.936401 170.707779 413.594818 ]
		Normal [ 0.952476 0.194830 0.234161 ]
		Tangent [ -0.232205 0.044954 0.971628 ]
		Color 0
		U0 0.268488
		V0 0.386160
		U1 0.000000
		V1 0.000000
	Vertex
		Position [ 912.020081 153.464737 346.946594 ]
		Normal [ 0.962492 0.251891 0.100797 ]
		Tangent [ -0.108941 0.065186 0.991908 ]
		Color 0
		U0 0.261024
		V0 0.387776
		U1 0.000000
		V1 0.000000
	Vertex
		Position [ 902.651550 201.741913 349.616089 ]
		Normal [ 0.990057 0.041596 0.134380 ]
		Tangent [ -0.114385 0.035358 0.992807 ]
		Color 0
		U0 0.261665
		V0 0.382477
		U1 0.000000
		V1 0.000000
	Vertex
		Position [ 902.102722 250.357224 355.458710 ]
		Normal [ 0.944362 0.022074 0.328167 ]
		Tangent [ -0.350835 -0.033645 0.935833 ]
		Color 0
		U0 0.262262
		V0 0.377199
		U1 0.000000
		V1 0.000000
	Vertex
		Position [ 900.842102 211.182938 385.678833 ]
		Normal [ 0.940166 0.159271 0.301200 ]
		Tangent [ -0.346729 -0.024580 0.937643 ]
		Color 0
		U0 0.265546
		V0 0.381573
		U1 0.000000
		V1 0.000000
	Vertex
		Position [ 914.164551 289.235443 323.951630 ]
		Normal [ 0.946001 0.137290 0.293656 ]
		Tangent [ -0.281412 -0.038581 0.958811 ]
		Color 0
		U0 0.258379
		V0 0.373129
		U1 0.000000
		V1 0.000000
	Vertex
		Position [ 913.490601 324.731659 282.991730 ]
		Normal [ 0.944884 0.241842 0.220697 ]
		Tangent [ -0.229256 -0.064053 0.971256 ]
		Color 0
		U0 0.254052
		V0 0.369462
		U1 0.000000
		V1 0.000000
	Vertex
		Position [ 928.828735 324.277313 213.486252 ]
		Normal [ 0.952692 0.246741 0.177473 ]
		Tangent [ -0.172618 -0.062107 0.983029 ]
		Color 0
		U0 0.247011
		V0 0.369998
		U1 0.000000
		V1 0.000000
	Vertex
		Position [ 883.944824 422.135681 267.132263 ]
		Normal [ 0.888561 0.429557 0.161060 ]
		Tangent [ -0.131007 -0.115111 0.984676 ]
		Color 0
		U0 0.251852
		V0 0.359232
		U1 0.000000
		V1 0.000000
	Vertex
		Position [ 913.010864 387.155090 181.488586 ]
		Normal [ 0.910674 0.399855 0.103865 ]
		Tangent [ -0.075901 -0.076280 0.994193 ]
		Color 0
		U0 0.243609
		V0 0.363750
		U1 0.000000
		V1 0.000000
	Vertex
		Position [ 904.270813 411.176300 122.582565 ]
		Normal [ 0.884398 0.466163 0.023058 ]
		Tangent [ -0.008629 -0.031213 0.999475 ]
		Color 0
		U0 0.238061
		V0 0.361651
		U1 0.000000
		V1 0.000000
	Vertex
		Position [ 847.557251 506.365021 155.882004 ]
		Normal [ 0.840613 0.541006 0.026133 ]
		Tangent [ 0.031777 -0.054560 0.998005 ]
		Color 0
		U0 0.240579
		V0 0.351268
		U1 0.000000
		V1 0.000000
	Vertex
		Position [ 890.578918 431.188873 60.786285 ]
		Normal [ 0.843311 0.535650 -0.043654 ]
		Tangent [ 0.066505 0.015022 0.997673 ]
		Color 0
		U0 0.232401
		V0 0.359642
		U1 0.000000
		V1 0.000000
	Vertex
		Position [ 911.420532 401.848999 4.971071 ]
		Normal [ 0.838100 0.545334 -0.014137 ]
		Tangent [ 0.016114 0.002260 0.999868 ]
		Color 0
		U0 0.227579
		V0 0.362845
		U1 0.000000
		V1 0.000000
	Vertex
		Position [ 876.322388 431.093964 -31.043352 ]
		Normal [ 0.676733 0.723702 -0.135231 ]
		Tangent [ 0.125362 0.062770 0.990123 ]
		Color 0
		U0 0.224382
		V0 0.359074
		U1 0.000000
		V1 0.000000
	Vertex
		Position [ 869.917053 429.450073 -77.436920 ]
		Normal [ 0.665566 0.746321 0.005277 ]
		Tangent [ 0.007183 -0.011413 0.999909 ]
		Color 0
		U0 0.220481
		V0 0.358955
		U1 0.000000
		V1 0.000000
	Vertex
		Position [ 869.509583 446.763214 -2.965471 ]
		Normal [ 0.803149 0.562531 -0.196240 ]
		Tangent [ 0.175668 0.090615 0.980270 ]
		Color 0
		U0 0.226762
		V0 0.357616
		U1 0.000000
		V1 0.000000
	Vertex
		Position [ 840.595825 457.876373 -67.331924 ]
		Normal [ 0.720585 0.688201 -0.084473 ]
		Tangent [ 0.101577 0.045165 0.993802 ]
		Color 0
		U0 0.221259
		V0 0.355667
		U1 0.000000
		V1 0.000000
	Vertex
		Position [ 863.249695 -25.535015 588.937744 ]
		Normal [ 0.967095 -0.023001 0.253373 ]
		Tangent [ -0.219812 0.206839 0.953363 ]
		Color 0
		U0 0.285296
		V0 0.411404
		U1 0.000000
		V1 0.000000
	Vertex
		Position [ 863.645508 72.848213 590.474487 ]
		Normal [ 0.966238 -0.005687 0.257590 ]
		Tangent [ -0.246293 0.186089 0.951163 ]
		Color 0
		U0 0.288528
		V0 0.400356
		U1 0.000000
		V1 0.000000
	Vertex
		Position [ 840.184509 -102.913666 650.412659 ]
		Normal [ 0.962607 -0.111206 0.247026 ]
		Tangent [ -0.231135 0.246095 0.941283 ]
		Color 0
		U0 0.289986
		V0 0.421721
		U1 0.000000
		V1 0.000000
	Vertex
		Position [ 871.131653 55.074543 527.862488 ]
		Normal [ 0.992435 -0.046609 0.113578 ]
		Tangent [ -0.116303 0.149498 0.981898 ]
		Color 0
		U0 0.280561
		V0 0.401032
		U1 0.000000
		V1 0.000000
	Vertex
		Position [ 876.640320 154.771103 541.941711 ]
		Normal [ 0.976638 0.044186 0.210297 ]
		Tangent [ -0.200224 0.107179 0.973870 ]
		Color 0
		U0 0.283848
		V0 0.389410
		U1 0.000000
		V1 0.000000
	Vertex
		Position [ 880.062683 187.283829 480.493591 ]
		Normal [ 0.960003 0.245425 0.134760 ]
		Tangent [ -0.143536 0.065071 0.987504 ]
		Color 0
		U0 0.276821
		V0 0.384741
		U1 0.000000
		V1 0.000000
	Vertex
		Position [ 878.498291 218.606384 415.474243 ]
		Normal [ 0.881775 0.352061 0.313889 ]
		Tangent [ -0.292835 0.005061 0.956150 ]
		Color 0
		U0 0.269597
		V0 0.380439
		U1 0.000000
		V1 0.000000
	Vertex
		Position [ 866.446167 235.849319 485.442566 ]
		Normal [ 0.972101 0.231130 0.039985 ]
		Tangent [ -0.042892 0.030085 0.998627 ]
		Color 0
		U0 0.277906
		V0 0.378636
		U1 0.000000
		V1 0.000000
	Vertex
		Position [ 867.589050 242.210327 416.014496 ]
		Normal [ 0.919546 0.223080 0.323528 ]
		Tangent [ -0.347210 -0.027568 0.937382 ]
		Color 0
		U0 0.270033
		V0 0.377605
		U1 0.000000
		V1 0.000000
	Vertex
		Position [ 867.781982 266.452179 418.603424 ]
		Normal [ 0.893738 -0.085483 0.440370 ]
		Tangent [ -0.447802 -0.043358 0.893081 ]
		Color 0
		U0 0.270311
		V0 0.374936
		U1 0.000000
		V1 0.000000
	Vertex
		Position [ 854.623596 274.778046 451.149231 ]
		Normal [ 0.994420 0.011067 0.104914 ]
		Tangent [ -0.102490 -0.036406 0.994068 ]
		Color 0
		U0 0.274148
		V0 0.373874
		U1 0.000000
		V1 0.000000
	Vertex
		Position [ 874.575195 315.100067 418.086365 ]
		Normal [ 0.950858 -0.024139 0.308684 ]
		Tangent [ -0.343934 -0.072220 0.936212 ]
		Color 0
		U0 0.269860
		V0 0.369308
		U1 0.000000
		V1 0.000000
	Vertex
		Position [ 900.328003 298.107300 355.776978 ]
		Normal [ 0.928139 0.150462 0.340468 ]
		Tangent [ -0.316258 -0.075971 0.945626 ]
		Color 0
		U0 0.262155
		V0 0.371868
		U1 0.000000
		V1 0.000000
	Vertex
		Position [ 900.698059 357.449280 305.490173 ]
		Normal [ 0.939000 0.268330 0.215124 ]
		Tangent [ -0.212231 -0.097418 0.972352 ]
		Color 0
		U0 0.256173
		V0 0.365697
		U1 0.000000
		V1 0.000000
	Vertex
		Position [ 858.416870 308.222321 485.204712 ]
		Normal [ 0.990040 0.073974 0.119783 ]
		Tangent [ -0.127110 -0.063727 0.989839 ]
		Color 0
		U0 0.277961
		V0 0.369364
		U1 0.000000
		V1 0.000000
	Vertex
		Position [ 886.207153 389.412628 323.560791 ]
		Normal [ 0.906086 0.364023 0.215627 ]
		Tangent [ -0.171010 -0.148136 0.974069 ]
		Color 0
		U0 0.258081
		V0 0.361751
		U1 0.000000
		V1 0.000000
	Vertex
		Position [ 838.393494 511.882080 229.593872 ]
		Normal [ 0.819492 0.556423 0.137207 ]
		Tangent [ -0.059281 -0.106906 0.992500 ]
		Color 0
		U0 0.247558
		V0 0.349890
		U1 0.000000
		V1 0.000000
	Vertex
		Position [ 867.261292 463.713745 25.470156 ]
		Normal [ 0.830863 0.529276 -0.171853 ]
		Tangent [ 0.184192 0.055023 0.981349 ]
		Color 0
		U0 0.229185
		V0 0.356249
		U1 0.000000
		V1 0.000000
	Vertex
		Position [ 850.505249 494.324341 81.832527 ]
		Normal [ 0.838484 0.541401 -0.061882 ]
		Tangent [ 0.107579 -0.041650 0.993324 ]
		Color 0
		U0 0.234027
		V0 0.352824
		U1 0.000000
		V1 0.000000
	Vertex
		Position [ 830.826416 492.116699 -9.905837 ]
		Normal [ 0.786213 0.529208 -0.319073 ]
		Tangent [ 0.291817 0.130350 0.947550 ]
		Color 0
		U0 0.225936
		V0 0.352750
		U1 0.000000
		V1 0.000000
	Vertex
		Position [ 816.564697 488.375916 -55.915024 ]
		Normal [ 0.819673 0.547575 -0.168218 ]
		Tangent [ 0.161385 0.070166 0.984394 ]
		Color 0
		U0 0.222049
		V0 0.352554
		U1 0.000000
		V1 0.000000
	Vertex
		Position [ 833.831665 510.003906 18.680651 ]
		Normal [ 0.791463 0.559728 -0.245544 ]
		Tangent [ 0.247783 0.056837 0.967147 ]
		Color 0
		U0 0.228385
		V0 0.351479
		U1 0.000000
		V1 0.000000
	Vertex
		Position [ 802.278748 520.814026 -43.560059 ]
		Normal [ 0.894116 0.397132 -0.206984 ]
		Tangent [ 0.196703 0.048731 0.979251 ]
		Color 0
		U0 0.222967
		V0 0.349772
		U1 0.000000
		V1 0.000000
	Vertex
		Position [ 842.941162 67.247131 646.345276 ]
		Normal [ 0.920391 0.040978 0.388846 ]
		Tangent [ -0.412816 0.270231 0.869803 ]
