TXT
MeshData
	maxDiffuseMipLevel 0
	hasValidTangents TRUE
	BoundingRadius 4957.231445
	MaxBoundingExtents [ 4957.230957 4957.230957 4957.230957 ]
	MinBoundingExtents [ -4957.230957 -4957.230957 -4957.230957 ]
	NumMaterials 1
	Material
		DiffuseTextureFileName "iserlohn_diffuse.dds"
		SelfIlluminationTextureFileName "iserlohn_data.dds"
		NormalTextureFileName "iserlohn_bump.dds"
		DisplacementTextureFileName ""
		TeamColorTextureFileName ""
		Diffuse ffffffff
		Ambient ffffffff
		Specular ffffffff
		Emissive ffffffff
		Glossiness 10.000000
	NumPoints 244
	Point
		DataString "Center"
		Position [ 0.000000 0.000000 0.000000 ]
		Orientation
			 [ 1.000000 0.000000 -0.000000 ]
			 [ 0.000000 1.000000 -0.000000 ]
			 [ -0.000000 -0.000000 1.000000 ]
	Point
		DataString "Above"
		Position [ 0.000000 100.000000 0.000000 ]
		Orientation
			 [ 1.000000 0.000000 -0.000000 ]
			 [ 0.000000 1.000000 -0.000000 ]
			 [ -0.000000 -0.000000 1.000000 ]
	Point
		DataString "Aura"
		Position [ 0.000000 -100.000000 0.000000 ]
		Orientation
			 [ 1.000000 0.000000 -0.000000 ]
			 [ 0.000000 1.000000 -0.000000 ]
			 [ -0.000000 -0.000000 1.000000 ]
	Point
		DataString "Ability-0"
		Position [ 0.000343 1913.417725 4619.397461 ]
		Orientation
			 [ 1.000000 -0.000000 -0.000000 ]
			 [ 0.000000 0.923879 0.382685 ]
			 [ 0.000000 -0.382685 0.923879 ]
	Point
		DataString "Weapon-0"
		Position [ 0.000437 0.000000 5000.000000 ]
		Orientation
			 [ 1.000000 0.000000 0.000000 ]
			 [ 0.000000 1.000000 -0.000000 ]
			 [ -0.000000 -0.000000 1.000000 ]
	Point
		DataString "Weapon-1"
		Position [ 630.393616 1294.095215 4788.311035 ]
		Orientation
			 [ 0.991502 0.001684 -0.130079 ]
			 [ 0.032054 0.965924 0.256832 ]
			 [ 0.126079 -0.258819 0.957662 ]
	Point
		DataString "Weapon-0"
		Position [ 1294.096436 -0.000153 4829.628906 ]
		Orientation
			 [ 0.965924 0.001745 -0.258819 ]
			 [ -0.001686 0.999998 0.000451 ]
			 [ 0.258819 0.000000 0.965926 ]
	Point
		DataString "Weapon-1"
		Position [ 1848.219360 1294.095215 4461.995605 ]
		Orientation
			 [ 0.924051 0.001684 -0.382266 ]
			 [ 0.097435 0.965924 0.239784 ]
			 [ 0.369644 -0.258819 0.892399 ]
	Point
		DataString "Weapon-0"
		Position [ 2500.001221 0.000000 4330.127930 ]
		Orientation
			 [ 0.866024 0.001745 -0.500000 ]
			 [ -0.001512 0.999998 0.000872 ]
			 [ 0.500000 0.000000 0.866025 ]
	Point
		DataString "Weapon-1"
		Position [ 2940.092041 1294.095215 3831.603027 ]
		Orientation
			 [ 0.793627 0.001684 -0.608402 ]
			 [ 0.156175 0.965924 0.206396 ]
			 [ 0.588018 -0.258819 0.766321 ]
	Point
		DataString "Weapon-0"
		Position [ 3535.533691 0.000000 3535.534424 ]
		Orientation
			 [ 0.707106 0.001745 -0.707106 ]
			 [ -0.001234 0.999998 0.001234 ]
			 [ 0.707107 0.000000 0.707107 ]
	Point
		DataString "Weapon-1"
		Position [ 3831.602051 1294.095215 2940.092041 ]
		Orientation
			 [ 0.609119 0.001684 -0.793077 ]
			 [ 0.204273 0.965924 0.158942 ]
			 [ 0.766320 -0.258819 0.588019 ]
	Point
		DataString "Weapon-0"
		Position [ 4330.126953 0.000000 2500.000488 ]
		Orientation
			 [ 0.500000 0.001745 -0.866024 ]
			 [ -0.000873 0.999998 0.001511 ]
			 [ 0.866025 0.000000 0.500001 ]
	Point
		DataString "Weapon-1"
		Position [ 4461.995605 1294.095215 1848.219971 ]
		Orientation
			 [ 0.383101 0.001684 -0.923705 ]
			 [ 0.238450 0.965924 0.100657 ]
			 [ 0.892399 -0.258819 0.369645 ]
	Point
		DataString "Weapon-0"
		Position [ 4829.629395 0.000000 1294.096313 ]
		Orientation
			 [ 0.258819 0.001744 -0.965924 ]
			 [ -0.000452 0.999998 0.001685 ]
			 [ 0.965926 0.000000 0.258819 ]
	Point
		DataString "Weapon-1"
		Position [ 4788.311035 1294.095215 630.393921 ]
		Orientation
			 [ 0.130975 0.001685 -0.991384 ]
			 [ 0.256377 0.965924 0.035512 ]
			 [ 0.957662 -0.258819 0.126080 ]
	Point
		DataString "Weapon-0"
		Position [ 5000.000488 -0.000076 0.000051 ]
		Orientation
			 [ -0.000000 0.001745 -0.999998 ]
			 [ 0.000000 0.999998 0.001745 ]
			 [ 1.000000 -0.000000 -0.000000 ]
	Point
		DataString "Weapon-1"
		Position [ 4788.311035 1294.095215 -630.392029 ]
		Orientation
			 [ -0.130078 0.001685 -0.991502 ]
			 [ 0.256832 0.965924 -0.032053 ]
			 [ 0.957662 -0.258819 -0.126078 ]
	Point
		DataString "Weapon-0"
		Position [ 4829.629883 0.000000 -1294.095947 ]
		Orientation
			 [ -0.258819 0.001744 -0.965924 ]
			 [ 0.000451 0.999998 0.001685 ]
			 [ 0.965926 0.000000 -0.258819 ]
	Point
		DataString "Weapon-1"
		Position [ 4461.995605 1294.095215 -1848.217651 ]
		Orientation
			 [ -0.382264 0.001684 -0.924051 ]
			 [ 0.239785 0.965924 -0.097434 ]
			 [ 0.892400 -0.258819 -0.369642 ]
	Point
		DataString "Weapon-0"
		Position [ 4330.126953 -0.000298 -2500.000977 ]
		Orientation
			 [ -0.499999 0.001745 -0.866024 ]
			 [ 0.000872 0.999998 0.001511 ]
			 [ 0.866025 0.000000 -0.500000 ]
	Point
		DataString "Weapon-1"
		Position [ 3831.603271 1294.095215 -2940.090576 ]
		Orientation
			 [ -0.608401 0.001684 -0.793628 ]
			 [ 0.206396 0.965925 -0.156175 ]
			 [ 0.766321 -0.258819 -0.588017 ]
	Point
		DataString "Weapon-0"
		Position [ 3535.533203 0.000000 -3535.535156 ]
		Orientation
			 [ -0.707106 0.001745 -0.707106 ]
			 [ 0.001234 0.999998 0.001234 ]
			 [ 0.707107 0.000000 -0.707107 ]
	Point
		DataString "Weapon-1"
		Position [ 2940.093262 1294.095215 -3831.601318 ]
		Orientation
			 [ -0.793077 0.001684 -0.609119 ]
			 [ 0.158942 0.965925 -0.204273 ]
			 [ 0.588018 -0.258818 -0.766321 ]
	Point
		DataString "Weapon-0"
		Position [ 2499.999268 0.000000 -4330.127930 ]
		Orientation
			 [ -0.866024 0.001745 -0.499999 ]
			 [ 0.001511 0.999998 0.000873 ]
			 [ 0.499999 0.000000 -0.866026 ]
	Point
		DataString "Weapon-1"
		Position [ 1848.221069 1294.095215 -4461.994629 ]
		Orientation
			 [ -0.923705 0.001684 -0.383100 ]
			 [ 0.100657 0.965924 -0.238450 ]
			 [ 0.369644 -0.258819 -0.892399 ]
	Point
		DataString "Weapon-0"
		Position [ 1294.096680 0.000000 -4829.628418 ]
		Orientation
			 [ -0.965925 0.001745 -0.258818 ]
			 [ 0.001686 0.999998 0.000452 ]
			 [ 0.258818 0.000000 -0.965926 ]
	Point
		DataString "Weapon-1"
		Position [ 630.395264 1294.095215 -4788.310547 ]
		Orientation
			 [ -0.991384 0.001684 -0.130974 ]
			 [ 0.035511 0.965924 -0.256377 ]
			 [ 0.126079 -0.258819 -0.957662 ]
	Point
		DataString "Weapon-0"
		Position [ 0.001699 -0.000153 -5000.000000 ]
		Orientation
			 [ -0.999998 0.001745 0.000001 ]
			 [ 0.001745 0.999998 0.000000 ]
			 [ -0.000001 0.000000 -1.000000 ]
	Point
		DataString "Weapon-1"
		Position [ -630.390503 1294.095215 -4788.311523 ]
		Orientation
			 [ -0.991502 0.001684 0.130078 ]
			 [ -0.032054 0.965924 -0.256832 ]
			 [ -0.126078 -0.258819 -0.957662 ]
	Point
		DataString "Weapon-0"
		Position [ -1294.093262 0.000000 -4829.629883 ]
		Orientation
			 [ -0.965924 0.001745 0.258819 ]
			 [ 0.001686 0.999998 -0.000451 ]
			 [ -0.258820 0.000000 -0.965926 ]
	Point
		DataString "Weapon-1"
		Position [ -1848.216431 1294.095215 -4461.996582 ]
		Orientation
			 [ -0.924051 0.001684 0.382266 ]
			 [ -0.097434 0.965924 -0.239785 ]
			 [ -0.369644 -0.258819 -0.892399 ]
	Point
		DataString "Weapon-0"
		Position [ -2500.000977 -0.000542 -4330.126953 ]
		Orientation
			 [ -0.866023 0.001745 0.500000 ]
			 [ 0.001512 0.999998 -0.000872 ]
			 [ -0.500001 0.000000 -0.866025 ]
	Point
		DataString "Weapon-1"
		Position [ -2940.089600 1294.095215 -3831.604248 ]
		Orientation
			 [ -0.793627 0.001684 0.608402 ]
			 [ -0.156175 0.965924 -0.206396 ]
			 [ -0.588018 -0.258819 -0.766321 ]
	Point
		DataString "Weapon-0"
		Position [ -3535.531982 0.000244 -3535.535889 ]
		Orientation
			 [ -0.707105 0.001745 0.707106 ]
			 [ 0.001234 0.999998 -0.001234 ]
			 [ -0.707107 0.000000 -0.707106 ]
	Point
		DataString "Weapon-1"
		Position [ -3831.600586 1294.095215 -2940.094727 ]
		Orientation
			 [ -0.609119 0.001684 0.793077 ]
			 [ -0.204273 0.965924 -0.158942 ]
			 [ -0.766320 -0.258819 -0.588019 ]
	Point
		DataString "Weapon-0"
		Position [ -4330.125488 -0.000122 -2500.002197 ]
		Orientation
			 [ -0.500000 0.001745 0.866024 ]
			 [ 0.000873 0.999998 -0.001511 ]
			 [ -0.866025 0.000000 -0.500001 ]
	Point
		DataString "Weapon-1"
		Position [ -4461.994141 1294.095215 -1848.222656 ]
		Orientation
			 [ -0.383100 0.001685 0.923705 ]
			 [ -0.238450 0.965924 -0.100657 ]
			 [ -0.892399 -0.258819 -0.369644 ]
	Point
		DataString "Weapon-0"
		Position [ -4829.628906 0.000000 -1294.098267 ]
		Orientation
			 [ -0.258819 0.001744 0.965924 ]
			 [ 0.000451 0.999998 -0.001685 ]
			 [ -0.965926 -0.000000 -0.258819 ]
	Point
		DataString "Weapon-1"
		Position [ -4788.310547 1294.095215 -630.396851 ]
		Orientation
			 [ -0.130974 0.001684 0.991384 ]
			 [ -0.256376 0.965925 -0.035512 ]
			 [ -0.957662 -0.258818 -0.126079 ]
	Point
		DataString "Weapon-0"
		Position [ -5000.000000 0.000000 -0.003164 ]
		Orientation
			 [ -0.000001 0.001744 0.999998 ]
			 [ -0.000006 0.999998 -0.001744 ]
			 [ -1.000000 -0.000006 -0.000001 ]
	Point
		DataString "Weapon-1"
		Position [ -4788.311523 1294.095215 630.389038 ]
		Orientation
			 [ 0.130077 0.001685 0.991502 ]
			 [ -0.256832 0.965925 0.032053 ]
			 [ -0.957662 -0.258819 0.126078 ]
	Point
		DataString "Weapon-0"
		Position [ -4829.630371 0.000000 1294.092041 ]
		Orientation
			 [ 0.258819 0.001745 0.965924 ]
			 [ -0.000452 0.999998 -0.001686 ]
			 [ -0.965926 -0.000000 0.258819 ]
	Point
		DataString "Weapon-1"
		Position [ -4461.997070 1294.095215 1848.214966 ]
		Orientation
			 [ 0.382264 0.001684 0.924052 ]
			 [ -0.239785 0.965924 0.097434 ]
			 [ -0.892400 -0.258819 0.369642 ]
	Point
		DataString "Weapon-0"
		Position [ -4330.128906 0.000000 2499.996826 ]
		Orientation
			 [ 0.499998 0.001745 0.866025 ]
			 [ -0.000872 0.999998 -0.001512 ]
			 [ -0.866026 0.000000 0.499999 ]
	Point
		DataString "Weapon-1"
		Position [ -3831.604980 1294.095215 2940.088135 ]
		Orientation
			 [ 0.608402 0.001684 0.793627 ]
			 [ -0.206396 0.965924 0.156175 ]
			 [ -0.766321 -0.258819 0.588018 ]
	Point
		DataString "Weapon-0"
		Position [ -3535.537354 0.000244 3535.530762 ]
		Orientation
			 [ 0.707105 0.001745 0.707106 ]
			 [ -0.001234 0.999998 -0.001234 ]
			 [ -0.707107 0.000000 0.707106 ]
	Point
		DataString "Weapon-1"
		Position [ -2940.095703 1294.095215 3831.599365 ]
		Orientation
			 [ 0.793078 0.001684 0.609118 ]
			 [ -0.158942 0.965924 0.204273 ]
			 [ -0.588018 -0.258819 0.766321 ]
	Point
		DataString "Weapon-0"
		Position [ -2500.001465 0.000000 4330.126465 ]
		Orientation
			 [ 0.866024 0.001745 0.499999 ]
			 [ -0.001512 0.999998 -0.000872 ]
			 [ -0.499999 -0.000000 0.866026 ]
	Point
		DataString "Weapon-1"
		Position [ -1848.223999 1294.095215 4461.993652 ]
		Orientation
			 [ 0.923705 0.001684 0.383101 ]
			 [ -0.100657 0.965924 0.238450 ]
			 [ -0.369645 -0.258819 0.892398 ]
	Point
		DataString "Weapon-0"
		Position [ -1294.099487 -0.000153 4829.627930 ]
		Orientation
			 [ 0.965924 0.001745 0.258819 ]
			 [ -0.001686 0.999998 -0.000452 ]
			 [ -0.258820 0.000000 0.965926 ]
	Point
		DataString "Weapon-1"
		Position [ -630.398376 1294.095215 4788.310547 ]
		Orientation
			 [ 0.991384 0.001684 0.130976 ]
			 [ -0.035512 0.965924 0.256377 ]
			 [ -0.126081 -0.258819 0.957662 ]
	Point
		DataString "Weapon-0"
		Position [ -0.000781 2499.999512 4330.127441 ]
		Orientation
			 [ 0.999998 0.001510 0.000872 ]
			 [ -0.001744 0.866024 0.499999 ]
			 [ -0.000000 -0.500000 0.866026 ]
	Point
		DataString "Weapon-1"
		Position [ 630.393616 -1294.095215 4788.311035 ]
		Orientation
			 [ 0.991384 0.001686 -0.130974 ]
			 [ -0.035513 0.965924 -0.256377 ]
			 [ 0.126079 0.258819 0.957662 ]
	Point
		DataString "Weapon-0"
		Position [ 1120.720093 2499.999023 4182.582031 ]
		Orientation
			 [ 0.966150 0.001510 -0.257976 ]
			 [ 0.127725 0.866024 0.483413 ]
			 [ 0.224144 -0.500000 0.836516 ]
	Point
		DataString "Weapon-1"
		Position [ 1848.219360 -1294.095215 4461.995605 ]
		Orientation
			 [ 0.923705 0.001686 -0.383100 ]
			 [ -0.100658 0.965924 -0.238449 ]
			 [ 0.369644 0.258819 0.892399 ]
	Point
		DataString "Weapon-0"
		Position [ 2165.063965 2499.999512 3749.999756 ]
		Orientation
			 [ 0.866460 0.001510 -0.499243 ]
			 [ 0.248489 0.866024 0.433885 ]
			 [ 0.433012 -0.500001 0.750000 ]
	Point
		DataString "Weapon-1"
		Position [ 2940.092041 -1294.095215 3831.603027 ]
		Orientation
			 [ 0.793077 0.001686 -0.609119 ]
			 [ -0.158944 0.965924 -0.204272 ]
			 [ 0.588018 0.258819 0.766321 ]
	Point
		DataString "Weapon-0"
		Position [ 3061.862061 2499.999512 3061.862061 ]
		Orientation
			 [ 0.707722 0.001510 -0.706489 ]
			 [ 0.352320 0.866024 0.354786 ]
			 [ 0.612372 -0.500000 0.612373 ]
	Point
		DataString "Weapon-1"
		Position [ 3831.602051 -1294.095215 2940.092041 ]
		Orientation
			 [ 0.608402 0.001686 -0.793627 ]
			 [ -0.206397 0.965924 -0.156174 ]
			 [ 0.766320 0.258819 0.588019 ]
	Point
		DataString "Weapon-0"
		Position [ 3750.000244 2499.999512 2165.064209 ]
		Orientation
			 [ 0.500755 0.001510 -0.865588 ]
			 [ 0.432140 0.866024 0.251510 ]
			 [ 0.750000 -0.500000 0.433013 ]
	Point
		DataString "Weapon-1"
		Position [ 4461.995605 -1294.095215 1848.219971 ]
		Orientation
			 [ 0.382265 0.001686 -0.924051 ]
			 [ -0.239785 0.965924 -0.097433 ]
			 [ 0.892399 0.258819 0.369644 ]
	Point
		DataString "Weapon-0"
		Position [ 4182.581055 2499.999512 1120.720337 ]
		Orientation
			 [ 0.259662 0.001510 -0.965698 ]
			 [ 0.482510 0.866024 0.131094 ]
			 [ 0.836516 -0.500000 0.224145 ]
	Point
		DataString "Weapon-1"
		Position [ 4788.311035 -1294.095215 630.393921 ]
		Orientation
			 [ 0.130078 0.001686 -0.991502 ]
			 [ -0.256832 0.965924 -0.032052 ]
			 [ 0.957662 0.258819 0.126079 ]
	Point
		DataString "Weapon-0"
		Position [ 4330.126953 2499.999756 0.000109 ]
		Orientation
			 [ 0.000873 0.001510 -0.999998 ]
			 [ 0.499986 0.866032 0.001744 ]
			 [ 0.866033 -0.499986 0.000001 ]
	Point
		DataString "Weapon-1"
		Position [ 4788.311035 -1294.095215 -630.392029 ]
		Orientation
			 [ -0.130974 0.001686 -0.991384 ]
			 [ -0.256377 0.965924 0.035513 ]
			 [ 0.957662 0.258819 -0.126079 ]
	Point
		DataString "Weapon-0"
		Position [ 4182.582031 2499.999512 -1120.720093 ]
		Orientation
			 [ -0.257976 0.001510 -0.966150 ]
			 [ 0.483414 0.866024 -0.127725 ]
			 [ 0.836516 -0.500000 -0.224144 ]
	Point
		DataString "Weapon-1"
		Position [ 4461.995605 -1294.095215 -1848.217651 ]
		Orientation
			 [ -0.383101 0.001686 -0.923705 ]
			 [ -0.238450 0.965924 0.100658 ]
			 [ 0.892399 0.258819 -0.369644 ]
	Point
		DataString "Weapon-0"
		Position [ 3749.999756 2499.999512 -2165.063965 ]
		Orientation
			 [ -0.499244 0.001511 -0.866460 ]
			 [ 0.433884 0.866024 -0.248489 ]
			 [ 0.750000 -0.500000 -0.433013 ]
	Point
		DataString "Weapon-1"
		Position [ 3831.603271 -1294.095215 -2940.090576 ]
		Orientation
			 [ -0.609119 0.001686 -0.793077 ]
			 [ -0.204272 0.965924 0.158944 ]
			 [ 0.766321 0.258819 -0.588018 ]
	Point
		DataString "Weapon-0"
		Position [ 3061.861328 2499.999756 -3061.862793 ]
		Orientation
			 [ -0.706489 0.001510 -0.707723 ]
			 [ 0.354786 0.866024 -0.352320 ]
			 [ 0.612373 -0.500000 -0.612372 ]
	Point
		DataString "Weapon-1"
		Position [ 2940.093262 -1294.095215 -3831.601318 ]
		Orientation
			 [ -0.793627 0.001686 -0.608402 ]
			 [ -0.156175 0.965924 0.206397 ]
			 [ 0.588018 0.258819 -0.766320 ]
	Point
		DataString "Weapon-0"
		Position [ 2165.063232 2499.999512 -3750.000732 ]
		Orientation
			 [ -0.865588 0.001510 -0.500754 ]
			 [ 0.251510 0.866024 -0.432140 ]
			 [ 0.433013 -0.500000 -0.750000 ]
	Point
		DataString "Weapon-1"
		Position [ 1848.221069 -1294.095215 -4461.994629 ]
		Orientation
			 [ -0.924051 0.001686 -0.382266 ]
			 [ -0.097433 0.965924 0.239785 ]
			 [ 0.369644 0.258819 -0.892399 ]
	Point
		DataString "Weapon-0"
		Position [ 1120.720825 2499.999512 -4182.581543 ]
		Orientation
			 [ -0.965698 0.001510 -0.259662 ]
			 [ 0.131094 0.866024 -0.482510 ]
			 [ 0.224145 -0.500000 -0.836516 ]
	Point
		DataString "Weapon-1"
		Position [ 630.395264 -1294.095215 -4788.310547 ]
		Orientation
			 [ -0.991502 0.001686 -0.130079 ]
			 [ -0.032052 0.965924 0.256832 ]
			 [ 0.126079 0.258819 -0.957662 ]
	Point
		DataString "Weapon-0"
		Position [ 0.001696 2499.999756 -4330.127930 ]
		Orientation
			 [ -0.999998 0.001510 -0.000873 ]
			 [ 0.001744 0.866024 -0.499999 ]
			 [ 0.000001 -0.500000 -0.866026 ]
	Point
		DataString "Weapon-1"
		Position [ -630.390503 -1294.095215 -4788.311523 ]
		Orientation
			 [ -0.991384 0.001686 0.130974 ]
			 [ 0.035513 0.965924 0.256377 ]
			 [ -0.126078 0.258819 -0.957662 ]
	Point
		DataString "Weapon-0"
		Position [ -1120.719727 2499.999756 -4182.582520 ]
		Orientation
			 [ -0.966150 0.001510 0.257976 ]
			 [ -0.127725 0.866024 -0.483413 ]
			 [ -0.224143 -0.500000 -0.836517 ]
	Point
		DataString "Weapon-1"
		Position [ -1848.216431 -1294.095215 -4461.996582 ]
		Orientation
			 [ -0.923705 0.001686 0.383100 ]
			 [ 0.100658 0.965924 0.238450 ]
			 [ -0.369644 0.258819 -0.892399 ]
	Point
		DataString "Weapon-0"
		Position [ -2165.062012 2499.999023 -3750.001221 ]
		Orientation
			 [ -0.866460 0.001511 0.499244 ]
			 [ -0.248489 0.866024 -0.433884 ]
			 [ -0.433013 -0.500000 -0.750000 ]
	Point
		DataString "Weapon-1"
		Position [ -2940.089600 -1294.095215 -3831.604248 ]
		Orientation
			 [ -0.793077 0.001686 0.609119 ]
			 [ 0.158943 0.965924 0.204272 ]
			 [ -0.588018 0.258819 -0.766321 ]
	Point
		DataString "Weapon-0"
		Position [ -3061.861084 2499.999756 -3061.864258 ]
		Orientation
			 [ -0.707723 0.001510 0.706489 ]
			 [ -0.352319 0.866024 -0.354786 ]
			 [ -0.612372 -0.500000 -0.612373 ]
	Point
		DataString "Weapon-1"
		Position [ -3831.600586 -1294.095215 -2940.094727 ]
		Orientation
			 [ -0.608402 0.001686 0.793627 ]
			 [ 0.206397 0.965924 0.156175 ]
			 [ -0.766320 0.258819 -0.588018 ]
	Point
		DataString "Weapon-0"
		Position [ -3749.999756 2499.999512 -2165.066162 ]
		Orientation
			 [ -0.500754 0.001510 0.865588 ]
			 [ -0.432140 0.866024 -0.251510 ]
			 [ -0.750000 -0.500000 -0.433012 ]
	Point
		DataString "Weapon-1"
		Position [ -4461.994141 -1294.095215 -1848.222656 ]
		Orientation
			 [ -0.382266 0.001686 0.924051 ]
			 [ 0.239785 0.965925 0.097433 ]
			 [ -0.892399 0.258819 -0.369644 ]
	Point
		DataString "Weapon-0"
		Position [ -4182.582031 2499.999512 -1120.722290 ]
		Orientation
			 [ -0.259661 0.001510 0.965699 ]
			 [ -0.482511 0.866024 -0.131094 ]
			 [ -0.836516 -0.500000 -0.224144 ]
	Point
		DataString "Weapon-1"
		Position [ -4788.310547 -1294.095215 -630.396851 ]
		Orientation
			 [ -0.130079 0.001686 0.991502 ]
			 [ 0.256833 0.965924 0.032052 ]
			 [ -0.957662 0.258819 -0.126079 ]
	Point
		DataString "Weapon-0"
		Position [ -4330.126953 2499.999512 -0.002856 ]
		Orientation
			 [ -0.000872 0.001510 0.999998 ]
			 [ -0.499999 0.866024 -0.001744 ]
			 [ -0.866026 -0.499999 -0.000000 ]
	Point
		DataString "Weapon-1"
		Position [ -4788.311523 -1294.095215 630.389038 ]
		Orientation
			 [ 0.130973 0.001686 0.991384 ]
			 [ 0.256377 0.965924 -0.035513 ]
			 [ -0.957662 0.258819 0.126078 ]
	Point
		DataString "Weapon-0"
		Position [ -4182.582520 2499.999268 1120.716187 ]
		Orientation
			 [ 0.257976 0.001510 0.966150 ]
			 [ -0.483413 0.866024 0.127725 ]
			 [ -0.836517 -0.500000 0.224143 ]
	Point
		DataString "Weapon-1"
		Position [ -4461.997070 -1294.095215 1848.214966 ]
		Orientation
			 [ 0.383099 0.001686 0.923706 ]
			 [ 0.238449 0.965924 -0.100658 ]
			 [ -0.892399 0.258819 0.369643 ]
	Point
		DataString "Weapon-0"
		Position [ -3750.001465 2500.000000 2165.062744 ]
		Orientation
			 [ 0.499244 0.001510 0.866460 ]
			 [ -0.433883 0.866024 0.248490 ]
			 [ -0.750000 -0.500000 0.433013 ]
	Point
		DataString "Weapon-1"
		Position [ -3831.604980 -1294.095215 2940.088135 ]
		Orientation
			 [ 0.609119 0.001686 0.793077 ]
			 [ 0.204273 0.965924 -0.158943 ]
			 [ -0.766321 0.258819 0.588018 ]
	Point
		DataString "Weapon-0"
		Position [ -3061.862549 2500.001465 3061.860596 ]
		Orientation
			 [ 0.706489 0.001510 0.707722 ]
			 [ -0.354786 0.866024 0.352320 ]
			 [ -0.612373 -0.500000 0.612372 ]
	Point
		DataString "Weapon-1"
		Position [ -2940.095703 -1294.095215 3831.599365 ]
		Orientation
			 [ 0.793627 0.001686 0.608402 ]
			 [ 0.156174 0.965924 -0.206397 ]
			 [ -0.588019 0.258819 0.766320 ]
	Point
		DataString "Weapon-0"
		Position [ -2165.065186 2499.999512 3750.000000 ]
		Orientation
			 [ 0.865588 0.001510 0.500755 ]
			 [ -0.251510 0.866024 0.432140 ]
			 [ -0.433013 -0.500000 0.750000 ]
	Point
		DataString "Weapon-1"
		Position [ -1848.223999 -1294.095215 4461.993652 ]
		Orientation
			 [ 0.924051 0.001686 0.382265 ]
			 [ 0.097433 0.965924 -0.239785 ]
			 [ -0.369643 0.258819 0.892399 ]
	Point
		DataString "Weapon-0"
		Position [ -1120.723267 2499.998779 4182.580566 ]
		Orientation
			 [ 0.965699 0.001510 0.259661 ]
			 [ -0.131094 0.866024 0.482511 ]
			 [ -0.224144 -0.500000 0.836516 ]
	Point
		DataString "Weapon-1"
		Position [ -630.398376 -1294.095215 4788.310547 ]
		Orientation
			 [ 0.991502 0.001686 0.130078 ]
			 [ 0.032052 0.965924 -0.256832 ]
			 [ -0.126079 0.258819 0.957662 ]
	Point
		DataString "Weapon-0"
		Position [ -0.000781 -2499.999756 4330.127930 ]
		Orientation
			 [ 0.999998 0.001512 -0.000872 ]
			 [ -0.001745 0.866024 -0.499999 ]
			 [ -0.000001 0.500000 0.866026 ]
	Point
		DataString "Weapon-1"
		Position [ 461.479858 3535.534180 3505.287109 ]
		Orientation
			 [ 0.991604 0.001233 -0.129303 ]
			 [ 0.090567 0.707106 0.701284 ]
			 [ 0.092295 -0.707107 0.701058 ]
	Point
		DataString "Weapon-0"
		Position [ 1120.720703 -2500.000244 4182.580566 ]
		Orientation
			 [ 0.965698 0.001512 -0.259662 ]
			 [ -0.131096 0.866024 -0.482510 ]
			 [ 0.224144 0.500000 0.836516 ]
	Point
		DataString "Weapon-1"
		Position [ 1352.990112 3535.534180 3266.407471 ]
		Orientation
			 [ 0.924350 0.001233 -0.381543 ]
			 [ 0.268986 0.707106 0.653948 ]
			 [ 0.270598 -0.707106 0.653282 ]
	Point
		DataString "Weapon-0"
		Position [ 2165.062256 -2500.000244 3750.000977 ]
		Orientation
			 [ 0.865588 0.001511 -0.500754 ]
			 [ -0.251511 0.866024 -0.432140 ]
			 [ 0.433012 0.500000 0.750000 ]
	Point
		DataString "Weapon-1"
		Position [ 2152.296387 3535.534180 2804.927979 ]
		Orientation
			 [ 0.794103 0.001232 -0.607782 ]
			 [ 0.429075 0.707106 0.562046 ]
			 [ 0.430459 -0.707107 0.560986 ]
	Point
		DataString "Weapon-0"
		Position [ 3061.861328 -2499.999756 3061.862305 ]
		Orientation
			 [ 0.706489 0.001512 -0.707723 ]
			 [ -0.354787 0.866024 -0.352319 ]
			 [ 0.612372 0.500000 0.612373 ]
	Point
		DataString "Weapon-1"
		Position [ 2804.927246 3535.534180 2152.296875 ]
		Orientation
			 [ 0.609739 0.001233 -0.792601 ]
			 [ 0.559923 0.707106 0.431842 ]
			 [ 0.560985 -0.707107 0.430460 ]
	Point
		DataString "Weapon-0"
		Position [ 3750.000488 -2500.000000 2165.064453 ]
		Orientation
			 [ 0.499244 0.001512 -0.866460 ]
			 [ -0.433885 0.866024 -0.248488 ]
			 [ 0.750000 0.500000 0.433013 ]
	Point
		DataString "Weapon-1"
		Position [ 3266.406982 3535.534180 1352.990967 ]
		Orientation
			 [ 0.383823 0.001233 -0.923406 ]
			 [ 0.652613 0.707106 0.272209 ]
			 [ 0.653281 -0.707107 0.270599 ]
	Point
		DataString "Weapon-0"
		Position [ 4182.581055 -2500.000000 1120.720337 ]
		Orientation
			 [ 0.257976 0.001512 -0.966150 ]
			 [ -0.483414 0.866024 -0.127723 ]
			 [ 0.836516 0.500000 0.224144 ]
	Point
		DataString "Weapon-1"
		Position [ 3505.286621 3535.534180 461.480591 ]
		Orientation
			 [ 0.131749 0.001233 -0.991282 ]
			 [ 0.700828 0.707106 0.094025 ]
			 [ 0.701058 -0.707106 0.092297 ]
	Point
		DataString "Weapon-0"
		Position [ 4330.126953 -2499.999756 0.000170 ]
		Orientation
			 [ -0.000873 0.001512 -0.999998 ]
			 [ -0.500034 0.866004 0.001745 ]
			 [ 0.866005 0.500035 -0.000000 ]
	Point
		DataString "Weapon-1"
		Position [ 3505.287354 3535.534180 -461.478760 ]
		Orientation
			 [ -0.129302 0.001233 -0.991604 ]
			 [ 0.701284 0.707106 -0.090566 ]
			 [ 0.701058 -0.707107 -0.092295 ]
	Point
		DataString "Weapon-0"
		Position [ 4182.581543 -2500.000000 -1120.719971 ]
		Orientation
			 [ -0.259662 0.001512 -0.965698 ]
			 [ -0.482510 0.866024 0.131095 ]
			 [ 0.836517 0.499999 -0.224144 ]
	Point
		DataString "Weapon-1"
		Position [ 3266.408203 3535.534180 -1352.989014 ]
		Orientation
			 [ -0.381544 0.001232 -0.924350 ]
			 [ 0.653947 0.707106 -0.268987 ]
			 [ 0.653282 -0.707106 -0.270598 ]
	Point
		DataString "Weapon-0"
		Position [ 3749.999756 -2499.999756 -2165.063721 ]
		Orientation
			 [ -0.500756 0.001511 -0.865587 ]
			 [ -0.432139 0.866024 0.251511 ]
			 [ 0.750000 0.500000 -0.433013 ]
	Point
		DataString "Weapon-1"
		Position [ 2804.928467 3535.534180 -2152.295654 ]
		Orientation
			 [ -0.607781 0.001232 -0.794104 ]
			 [ 0.562046 0.707106 -0.429075 ]
			 [ 0.560986 -0.707107 -0.430458 ]
	Point
		DataString "Weapon-0"
		Position [ 3061.861328 -2499.999756 -3061.862793 ]
		Orientation
			 [ -0.707723 0.001511 -0.706489 ]
			 [ -0.352319 0.866024 0.354787 ]
			 [ 0.612372 0.500000 -0.612373 ]
	Point
		DataString "Weapon-1"
		Position [ 2152.298096 3535.534180 -2804.927002 ]
		Orientation
			 [ -0.792601 0.001233 -0.609739 ]
			 [ 0.431842 0.707106 -0.559923 ]
			 [ 0.430460 -0.707106 -0.560986 ]
	Point
		DataString "Weapon-0"
		Position [ 2165.062744 -2499.999756 -3750.000244 ]
		Orientation
			 [ -0.866461 0.001511 -0.499243 ]
			 [ -0.248488 0.866024 0.433885 ]
			 [ 0.433012 0.500000 -0.750000 ]
	Point
		DataString "Weapon-1"
		Position [ 1352.991943 3535.534180 -3266.406494 ]
		Orientation
			 [ -0.923406 0.001232 -0.383823 ]
			 [ 0.272209 0.707106 -0.652613 ]
			 [ 0.270600 -0.707107 -0.653281 ]
	Point
		DataString "Weapon-0"
		Position [ 1120.720947 -2499.999512 -4182.581543 ]
		Orientation
			 [ -0.966150 0.001512 -0.257976 ]
			 [ -0.127723 0.866024 0.483413 ]
			 [ 0.224144 0.500000 -0.836516 ]
	Point
		DataString "Weapon-1"
		Position [ 461.481720 3535.534180 -3505.286377 ]
		Orientation
			 [ -0.991282 0.001233 -0.131750 ]
			 [ 0.094025 0.707106 -0.700828 ]
			 [ 0.092297 -0.707106 -0.701058 ]
	Point
		DataString "Weapon-0"
		Position [ -0.000135 -2499.998779 -4330.127930 ]
		Orientation
			 [ -0.999998 0.001511 0.000873 ]
			 [ 0.001746 0.866024 0.499999 ]
			 [ -0.000001 0.500000 -0.866026 ]
	Point
		DataString "Weapon-1"
		Position [ -461.477661 3535.534180 -3505.287354 ]
		Orientation
			 [ -0.991604 0.001232 0.129302 ]
			 [ -0.090567 0.707106 -0.701284 ]
			 [ -0.092294 -0.707107 -0.701058 ]
	Point
		DataString "Weapon-0"
		Position [ -1120.717896 -2499.999756 -4182.582031 ]
		Orientation
			 [ -0.965698 0.001512 0.259662 ]
			 [ 0.131096 0.866024 0.482510 ]
			 [ -0.224144 0.500000 -0.836516 ]
	Point
		DataString "Weapon-1"
		Position [ -1352.988037 3535.534180 -3266.408447 ]
		Orientation
			 [ -0.924351 0.001233 0.381542 ]
			 [ -0.268986 0.707106 -0.653948 ]
			 [ -0.270597 -0.707106 -0.653282 ]
	Point
		DataString "Weapon-0"
		Position [ -2165.062256 -2499.999756 -3750.000977 ]
		Orientation
			 [ -0.865588 0.001512 0.500755 ]
			 [ 0.251511 0.866024 0.432140 ]
			 [ -0.433012 0.500000 -0.750000 ]
	Point
		DataString "Weapon-1"
		Position [ -2152.294678 3535.534180 -2804.929443 ]
		Orientation
			 [ -0.794104 0.001232 0.607781 ]
			 [ -0.429075 0.707106 -0.562046 ]
			 [ -0.430458 -0.707107 -0.560986 ]
	Point
		DataString "Weapon-0"
		Position [ -3061.861084 -2499.999756 -3061.864258 ]
		Orientation
			 [ -0.706489 0.001511 0.707723 ]
			 [ 0.354787 0.866024 0.352319 ]
			 [ -0.612372 0.500000 -0.612373 ]
	Point
		DataString "Weapon-1"
		Position [ -2804.926270 3535.534180 -2152.298828 ]
		Orientation
			 [ -0.609739 0.001233 0.792601 ]
			 [ -0.559923 0.707106 -0.431842 ]
			 [ -0.560985 -0.707107 -0.430460 ]
	Point
		DataString "Weapon-0"
		Position [ -3749.999756 -2499.999756 -2165.063965 ]
		Orientation
			 [ -0.499244 0.001511 0.866460 ]
			 [ 0.433884 0.866024 0.248488 ]
			 [ -0.750000 0.500000 -0.433013 ]
	Point
		DataString "Weapon-1"
		Position [ -3266.406250 3535.534180 -1352.993164 ]
		Orientation
			 [ -0.383823 0.001233 0.923406 ]
			 [ -0.652613 0.707106 -0.272210 ]
			 [ -0.653282 -0.707106 -0.270599 ]
	Point
		DataString "Weapon-0"
		Position [ -4182.580566 -2500.000000 -1120.721924 ]
		Orientation
			 [ -0.257976 0.001512 0.966150 ]
			 [ 0.483414 0.866024 0.127724 ]
			 [ -0.836516 0.500000 -0.224144 ]
	Point
		DataString "Weapon-1"
		Position [ -3505.286377 3535.534180 -461.482849 ]
		Orientation
			 [ -0.131749 0.001232 0.991282 ]
			 [ -0.700828 0.707106 -0.094025 ]
			 [ -0.701058 -0.707106 -0.092297 ]
	Point
		DataString "Weapon-0"
		Position [ -4330.126953 -2499.999756 -0.002856 ]
		Orientation
			 [ 0.000873 0.001512 0.999998 ]
			 [ 0.499999 0.866024 -0.001745 ]
			 [ -0.866026 0.500000 -0.000000 ]
	Point
		DataString "Weapon-1"
		Position [ -3505.287598 3535.534180 461.476563 ]
		Orientation
			 [ 0.129303 0.001233 0.991604 ]
			 [ -0.701284 0.707106 0.090567 ]
			 [ -0.701058 -0.707107 0.092295 ]
	Point
		DataString "Weapon-0"
		Position [ -4182.582520 -2500.000000 1120.716309 ]
		Orientation
			 [ 0.259661 0.001512 0.965699 ]
			 [ 0.482510 0.866024 -0.131095 ]
			 [ -0.836517 0.500000 0.224143 ]
	Point
		DataString "Weapon-1"
		Position [ -3266.408936 3535.534180 1352.987061 ]
		Orientation
			 [ 0.381541 0.001233 0.924351 ]
			 [ -0.653948 0.707106 0.268985 ]
			 [ -0.653283 -0.707106 0.270597 ]
	Point
		DataString "Weapon-0"
		Position [ -3750.002197 -2499.999756 2165.061035 ]
		Orientation
			 [ 0.500755 0.001512 0.865588 ]
			 [ 0.432139 0.866024 -0.251511 ]
			 [ -0.750000 0.500000 0.433012 ]
	Point
		DataString "Weapon-1"
		Position [ -2804.929932 3535.534180 2152.293945 ]
		Orientation
			 [ 0.607781 0.001232 0.794103 ]
			 [ -0.562046 0.707106 0.429075 ]
			 [ -0.560986 -0.707107 0.430458 ]
	Point
		DataString "Weapon-0"
		Position [ -3061.864502 -2499.999756 3061.860107 ]
		Orientation
			 [ 0.707723 0.001512 0.706489 ]
			 [ 0.352318 0.866024 -0.354787 ]
			 [ -0.612373 0.500000 0.612373 ]
	Point
		DataString "Weapon-1"
		Position [ -2152.299561 3535.534180 2804.925537 ]
		Orientation
			 [ 0.792601 0.001233 0.609740 ]
			 [ -0.431843 0.707106 0.559922 ]
			 [ -0.430460 -0.707107 0.560985 ]
	Point
		DataString "Weapon-0"
		Position [ -2165.064697 -2500.000244 3750.000000 ]
		Orientation
			 [ 0.866461 0.001512 0.499243 ]
			 [ 0.248488 0.866024 -0.433885 ]
			 [ -0.433013 0.500000 0.750000 ]
	Point
		DataString "Weapon-1"
		Position [ -1352.993896 3535.534180 3266.406006 ]
		Orientation
			 [ 0.923406 0.001233 0.383823 ]
			 [ -0.272209 0.707106 0.652613 ]
			 [ -0.270599 -0.707106 0.653282 ]
	Point
		DataString "Weapon-0"
		Position [ -1120.723267 -2500.000244 4182.581055 ]
		Orientation
			 [ 0.966150 0.001512 0.257976 ]
			 [ 0.127723 0.866024 -0.483414 ]
			 [ -0.224144 0.500000 0.836516 ]
	Point
		DataString "Weapon-1"
		Position [ -461.483917 3535.534180 3505.286377 ]
		Orientation
			 [ 0.991282 0.001232 0.131749 ]
			 [ -0.094025 0.707106 0.700829 ]
			 [ -0.092297 -0.707107 0.701057 ]
	Point
		DataString "Weapon-1"
		Position [ 461.479858 -3535.533691 3505.287109 ]
		Orientation
			 [ 0.991282 0.001234 -0.131750 ]
			 [ -0.094026 0.707106 -0.700828 ]
			 [ 0.092296 0.707107 0.701058 ]
	Point
		DataString "Weapon-1"
		Position [ 1352.990112 -3535.533691 3266.407471 ]
		Orientation
			 [ 0.923406 0.001234 -0.383823 ]
			 [ -0.272210 0.707106 -0.652613 ]
			 [ 0.270598 0.707107 0.653281 ]
	Point
		DataString "Weapon-1"
		Position [ 2152.296387 -3535.533691 2804.927979 ]
		Orientation
			 [ 0.792601 0.001235 -0.609740 ]
			 [ -0.431844 0.707106 -0.559922 ]
			 [ 0.430459 0.707107 0.560986 ]
	Point
		DataString "Weapon-1"
		Position [ 2804.927246 -3535.533691 2152.296875 ]
		Orientation
			 [ 0.607781 0.001234 -0.794103 ]
			 [ -0.562047 0.707106 -0.429074 ]
			 [ 0.560985 0.707107 0.430459 ]
	Point
		DataString "Weapon-1"
		Position [ 3266.406982 -3535.533691 1352.990967 ]
		Orientation
			 [ 0.381544 0.001234 -0.924350 ]
			 [ -0.653948 0.707106 -0.268985 ]
			 [ 0.653281 0.707107 0.270599 ]
	Point
		DataString "Weapon-1"
		Position [ 3505.286621 -3535.533691 461.480591 ]
		Orientation
			 [ 0.129303 0.001234 -0.991604 ]
			 [ -0.701285 0.707105 -0.090566 ]
			 [ 0.701057 0.707107 0.092296 ]
	Point
		DataString "Weapon-1"
		Position [ 3505.287354 -3535.533691 -461.478760 ]
		Orientation
			 [ -0.131749 0.001234 -0.991282 ]
			 [ -0.700828 0.707106 0.094026 ]
			 [ 0.701057 0.707107 -0.092296 ]
	Point
		DataString "Weapon-1"
		Position [ 3266.408203 -3535.533691 -1352.989014 ]
		Orientation
			 [ -0.383822 0.001234 -0.923406 ]
			 [ -0.652613 0.707106 0.272210 ]
			 [ 0.653282 0.707107 -0.270597 ]
	Point
		DataString "Weapon-1"
		Position [ 2804.928467 -3535.533691 -2152.295654 ]
		Orientation
			 [ -0.609739 0.001234 -0.792601 ]
			 [ -0.559923 0.707106 0.431843 ]
			 [ 0.560985 0.707107 -0.430459 ]
	Point
		DataString "Weapon-1"
		Position [ 2152.298096 -3535.533691 -2804.927002 ]
		Orientation
			 [ -0.794103 0.001234 -0.607782 ]
			 [ -0.429074 0.707106 0.562047 ]
			 [ 0.430460 0.707107 -0.560986 ]
	Point
		DataString "Weapon-1"
		Position [ 1352.991943 -3535.533691 -3266.406494 ]
		Orientation
			 [ -0.924350 0.001235 -0.381543 ]
			 [ -0.268985 0.707106 0.653948 ]
			 [ 0.270599 0.707107 -0.653281 ]
	Point
		DataString "Weapon-1"
		Position [ 461.481720 -3535.533691 -3505.286377 ]
		Orientation
			 [ -0.991604 0.001234 -0.129303 ]
			 [ -0.090566 0.707106 0.701284 ]
			 [ 0.092297 0.707107 -0.701057 ]
	Point
		DataString "Weapon-1"
		Position [ -461.477661 -3535.533691 -3505.287354 ]
		Orientation
			 [ -0.991282 0.001234 0.131749 ]
			 [ 0.094026 0.707106 0.700829 ]
			 [ -0.092296 0.707107 -0.701057 ]
	Point
		DataString "Weapon-1"
		Position [ -1352.988037 -3535.533691 -3266.408447 ]
		Orientation
			 [ -0.923406 0.001234 0.383823 ]
			 [ 0.272210 0.707105 0.652613 ]
			 [ -0.270598 0.707107 -0.653281 ]
	Point
		DataString "Weapon-1"
		Position [ -2152.294678 -3535.533691 -2804.929443 ]
		Orientation
			 [ -0.792601 0.001234 0.609740 ]
			 [ 0.431843 0.707106 0.559922 ]
			 [ -0.430460 0.707107 -0.560985 ]
	Point
		DataString "Weapon-1"
		Position [ -2804.926270 -3535.533691 -2152.298828 ]
		Orientation
			 [ -0.607782 0.001234 0.794103 ]
			 [ 0.562047 0.707105 0.429075 ]
			 [ -0.560985 0.707107 -0.430459 ]
	Point
		DataString "Weapon-1"
		Position [ -3266.406250 -3535.533691 -1352.993164 ]
		Orientation
			 [ -0.381543 0.001234 0.924350 ]
			 [ 0.653948 0.707106 0.268986 ]
			 [ -0.653281 0.707107 -0.270598 ]
	Point
		DataString "Weapon-1"
		Position [ -3505.286377 -3535.533691 -461.482849 ]
		Orientation
			 [ -0.129302 0.001235 0.991604 ]
			 [ 0.701284 0.707106 0.090565 ]
			 [ -0.701058 0.707106 -0.092296 ]
	Point
		DataString "Weapon-1"
		Position [ -3505.287598 -3535.533691 461.476563 ]
		Orientation
			 [ 0.131749 0.001235 0.991282 ]
			 [ 0.700829 0.707105 -0.094026 ]
			 [ -0.701057 0.707107 0.092295 ]
	Point
		DataString "Weapon-1"
		Position [ -3266.408936 -3535.533691 1352.987061 ]
		Orientation
			 [ 0.383823 0.001234 0.923406 ]
			 [ 0.652613 0.707106 -0.272210 ]
			 [ -0.653281 0.707107 0.270598 ]
	Point
		DataString "Weapon-1"
		Position [ -2804.929932 -3535.533691 2152.293945 ]
		Orientation
			 [ 0.609739 0.001234 0.792601 ]
			 [ 0.559923 0.707106 -0.431843 ]
			 [ -0.560986 0.707107 0.430459 ]
	Point
		DataString "Weapon-1"
		Position [ -2152.299561 -3535.533691 2804.925537 ]
		Orientation
			 [ 0.794103 0.001234 0.607782 ]
			 [ 0.429075 0.707106 -0.562047 ]
			 [ -0.430459 0.707107 0.560986 ]
	Point
		DataString "Weapon-1"
		Position [ -1352.993896 -3535.533691 3266.406006 ]
		Orientation
			 [ 0.924351 0.001234 0.381542 ]
			 [ 0.268985 0.707106 -0.653948 ]
			 [ -0.270598 0.707106 0.653282 ]
	Point
		DataString "Weapon-1"
		Position [ -461.483917 -3535.533691 3505.286377 ]
		Orientation
			 [ 0.991605 0.001234 0.129302 ]
			 [ 0.090565 0.707106 -0.701284 ]
			 [ -0.092296 0.707107 0.701057 ]
	Point
		DataString "Hangar"
		Position [ 652.631531 0.000000 4957.224609 ]
		Orientation
			 [ 0.991445 0.000000 -0.130526 ]
			 [ 0.000000 1.000000 -0.000000 ]
			 [ 0.130526 -0.000000 0.991445 ]
	Point
		DataString "Hangar"
		Position [ 1913.418457 -0.000153 4619.397461 ]
		Orientation
			 [ 0.923878 0.001745 -0.382683 ]
			 [ -0.001613 0.999998 0.000668 ]
			 [ 0.382684 0.000000 0.923879 ]
	Point
		DataString "Hangar"
		Position [ 3043.808594 0.000000 3966.767578 ]
		Orientation
			 [ 0.793352 0.001745 -0.608761 ]
			 [ -0.001385 0.999998 0.001062 ]
			 [ 0.608762 0.000000 0.793353 ]
	Point
		DataString "Hangar"
		Position [ 3966.766846 0.000000 3043.807861 ]
		Orientation
			 [ 0.608760 0.001745 -0.793352 ]
			 [ -0.001063 0.999998 0.001384 ]
			 [ 0.793353 0.000000 0.608761 ]
	Point
		DataString "Hangar"
		Position [ 4619.397949 0.000000 1913.417725 ]
		Orientation
			 [ 0.382684 0.001745 -0.923878 ]
			 [ -0.000668 0.999998 0.001612 ]
			 [ 0.923879 0.000000 0.382684 ]
	Point
		DataString "Hangar"
		Position [ 4957.225098 0.000000 652.631897 ]
		Orientation
			 [ 0.130527 0.001743 -0.991443 ]
			 [ -0.000228 0.999999 0.001729 ]
			 [ 0.991445 0.000000 0.130527 ]
	Point
		DataString "Hangar"
		Position [ 4957.225098 -0.000076 -652.630981 ]
		Orientation
			 [ -0.130526 0.001745 -0.991443 ]
			 [ 0.000227 0.999998 0.001730 ]
			 [ 0.991445 0.000000 -0.130526 ]
	Point
		DataString "Hangar"
		Position [ 4619.398926 0.000000 -1913.418213 ]
		Orientation
			 [ -0.382683 0.001743 -0.923878 ]
			 [ 0.000667 0.999999 0.001611 ]
			 [ 0.923879 0.000000 -0.382684 ]
	Point
		DataString "Hangar"
		Position [ 3966.766602 -0.000298 -3043.808105 ]
		Orientation
			 [ -0.608760 0.001745 -0.793352 ]
			 [ 0.001062 0.999998 0.001385 ]
			 [ 0.793353 0.000000 -0.608761 ]
	Point
		DataString "Hangar"
		Position [ 3043.806641 0.000000 -3966.768066 ]
		Orientation
			 [ -0.793352 0.001745 -0.608760 ]
			 [ 0.001384 0.999998 0.001063 ]
			 [ 0.608761 0.000000 -0.793353 ]
	Point
		DataString "Hangar"
		Position [ 1913.416748 0.000000 -4619.398438 ]
		Orientation
			 [ -0.923878 0.001745 -0.382682 ]
			 [ 0.001612 0.999998 0.000668 ]
			 [ 0.382683 0.000000 -0.923880 ]
	Point
		DataString "Hangar"
		Position [ 652.632446 0.000000 -4957.224609 ]
		Orientation
			 [ -0.991443 0.001745 -0.130525 ]
			 [ 0.001730 0.999998 0.000228 ]
			 [ 0.130526 0.000000 -0.991445 ]
	Point
		DataString "Hangar"
		Position [ -652.629150 -0.000153 -4957.225098 ]
		Orientation
			 [ -0.991443 0.001745 0.130527 ]
			 [ 0.001730 0.999998 -0.000228 ]
			 [ -0.130527 0.000000 -0.991445 ]
	Point
		DataString "Hangar"
		Position [ -1913.415283 0.000000 -4619.398926 ]
		Orientation
			 [ -0.923878 0.001745 0.382684 ]
			 [ 0.001612 0.999998 -0.000668 ]
			 [ -0.382684 0.000000 -0.923879 ]
	Point
		DataString "Hangar"
